# time m_tauc_0 m_tauc_1 m_tauc_2 m_tauc_3 m_tauc_4 m_tauc_5 m_tauc_6 m_tauc_7 m_tauc_8 m_tauc_9 m_tauc_10 m_tauc_11 m_tauc_12 m_tauc_13 m_tauc_14 m_tauc_15 m_tauc_16 m_tauc_17 m_tauc_18 m_tauc_19 m_tauc_20 m_tauc_21 m_tauc_22 m_tauc_23
0.180000 -26.240873 44.693878 40.902939 -25.960838 36.768585 3.086731 -5.371411 -45.835392 -43.397373 -18.855583 39.857307 -5.840811 -8.519670 -5.073465 -7.614172 0.392434 0.339984 -9.747849 10.355290 9.939067 13.955198 -8.163807 -0.495370 15.408667
0.200000 20.361519 -27.789413 6.281466 7.207994 -28.144598 4.505431 25.432562 -8.978433 21.531357 4.626905 -12.670856 -2.087896 -5.586679 5.438459 1.818599 4.778137 -5.904144 9.806108 -8.963915 2.728395 -3.127675 -1.542809 1.219630 -14.071058
0.220000 32.856972 -23.717737 -12.008871 10.889972 -11.621812 -0.582459 33.496944 19.282738 30.821033 22.184322 -28.326138 -0.103971 -5.520013 1.423360 2.751634 4.777813 -4.031809 0.069037 -0.929575 0.158361 -3.434366 2.459469 4.208042 1.075957
0.240000 -20.123583 8.803423 4.068255 -11.154263 21.559761 -0.483766 -8.682368 -8.915049 -9.842194 -15.603799 19.623854 1.960855 -6.019702 -6.913619 -11.614359 0.802244 -0.288228 -2.556394 4.212544 -2.696921 2.838325 -4.338958 -4.974213 0.252926
0.260000 -14.319634 7.275027 8.506972 8.455793 -16.201979 2.445807 11.343642 -21.721901 -2.986583 -30.734781 23.283796 1.516942 10.541448 -5.592996 1.420137 -0.472467 0.940008 -3.041766 1.030359 7.073532 5.697031 -4.278044 -0.114464 1.556026
0.280000 -25.192047 -12.964685 -8.908798 3.127789 -3.153184 -2.326359 34.227226 18.262543 6.310937 0.916218 -18.403950 0.750222 -10.576020 8.970078 0.501272 5.259171 -5.240973 5.887513 -4.663408 -4.143231 1.227653 -2.603714 -1.704873 -1.326496
0.300000 1.678118 17.940763 -6.570927 0.942735 5.072942 -0.149476 17.684820 -3.684183 -4.241819 -2.742880 11.960495 -0.729981 -4.099852 -8.207984 2.437075 -0.318673 -1.342856 -5.578779 4.392480 5.118111 2.435763 -1.091655 -0.888588 1.884028
0.320000 -12.425613 7.829821 -4.350211 -0.196179 3.686117 1.226611 5.040943 -4.573890 -7.937960 3.965914 -3.451149 0.293593 -8.417198 0.630149 -5.865681 0.766638 -0.373485 0.513405 0.399548 1.505107 4.231139 -2.352908 -0.293668 0.682687
0.340000 -26.906164 -10.179443 -1.131665 9.950055 -13.901841 1.846114 32.142731 9.184265 -16.195543 -7.519176 6.815872 -1.955811 1.201926 -1.410968 2.381708 0.767677 -0.264152 -2.343168 1.088640 4.487470 0.512850 -1.061842 -3.687438 2.239856
0.360000 -0.796993 4.171134 0.929943 4.042852 -0.287882 -2.810982 39.422192 6.000403 -5.804209 -1.517960 6.642951 -0.728096 -3.489727 -3.144661 -2.639914 0.720622 -0.900138 3.410177 -1.776322 -1.322088 1.944410 -3.074783 2.753063 -2.202953
0.380000 0.736976 17.423771 -11.320992 -3.289201 2.265578 -1.893649 29.661978 -11.386242 0.875958 -6.318600 11.216825 0.980463 6.187036 -2.142745 -0.767469 0.286070 0.648486 -1.755972 0.882356 0.822424 0.080379 0.462671 0.772759 -1.147637
0.400000 2.196519 -1.085979 -6.183487 0.040126 -2.493961 1.398739 41.742294 7.151563 -16.006689 -10.917743 11.276929 -1.660938 -1.866165 0.840930 -2.443800 2.189775 -2.999999 -2.089454 1.789723 -3.202842 0.635674 -0.944115 -3.284531 3.161409
0.420000 -17.691067 3.659642 -2.536131 6.117581 -6.315686 1.286527 35.718552 2.344714 -13.810686 -4.372850 5.720738 -2.593609 -3.641919 0.579029 0.291373 2.223651 -3.539070 0.183485 0.667625 1.531219 0.594469 -0.430019 -0.008982 -0.587954
0.440000 -15.027186 12.624376 -4.256517 -1.912859 5.404989 -0.587185 35.362041 -4.821626 -10.167627 -3.996003 6.292437 -0.323393 -2.955893 3.792886 -1.313305 1.363845 -1.638165 0.346212 -0.781202 1.239666 1.808015 -1.647352 0.273050 -0.248516
0.460000 -6.379933 -0.159616 -3.379900 4.509329 -7.309675 0.365932 44.539867 -0.859843 -10.957092 -5.727314 7.497391 -1.612923 2.988026 0.184357 -1.347457 0.204627 -0.964421 -2.650224 2.315104 1.370896 -0.009498 -0.057797 -2.566662 1.684432
0.480000 -16.768267 7.285491 0.751044 -1.558239 6.923876 0.317002 38.601559 0.941889 -14.634739 -1.983261 4.754836 -2.368913 -4.938550 -4.175428 -1.385798 2.318661 -1.585608 0.554470 -0.397830 0.658933 1.089015 -1.237972 1.490636 -0.210667
0.500000 -13.725512 9.123427 3.548790 1.592047 -0.263114 2.358315 38.806290 -3.476112 -11.381386 -10.422948 13.934636 -0.043918 5.549285 -3.464437 -0.149497 1.003392 -1.592189 -1.125017 0.994043 1.444594 1.949669 -1.590521 -1.420707 0.601956
0.520000 -9.688906 4.647357 -1.054217 1.140203 -3.282858 1.832213 38.749107 1.564522 -7.528796 -6.931045 6.363755 -1.664156 -1.028008 -0.168220 -0.325060 2.266619 -2.457254 0.166860 -0.146409 -0.018821 0.790210 -0.582142 -0.221231 0.593794
0.540000 -11.142025 2.691617 -8.855114 0.999846 -2.504008 0.333957 35.137344 4.256066 -8.976736 -7.052797 6.423696 -1.942802 -2.609502 -5.642335 0.052551 2.713676 -2.860038 -0.271877 0.404669 0.151438 0.252008 -0.085506 -0.763921 0.476656
0.560000 -7.482653 4.588682 -2.734692 3.937867 -2.608153 0.256927 34.533203 -1.544183 -8.510373 -6.254419 6.607627 -0.033459 -0.250650 -5.218713 -0.709222 2.282151 -2.087420 -1.259087 1.063614 1.677827 2.002424 -1.933551 -0.341462 0.496728
0.580000 -19.598310 4.470561 -2.515581 4.697390 -4.580173 -0.384224 29.415478 -0.512682 -8.317920 -7.590384 6.623181 -1.204476 -1.506847 -1.446959 0.975341 2.814442 -1.660037 -0.636013 0.771871 -0.223819 0.895551 -1.213593 -0.680593 0.723853
0.600000 -12.551603 6.225063 -1.503310 3.186409 -2.154613 0.934733 35.064003 0.888309 -7.821004 -8.015011 7.655190 -1.782178 0.082842 -3.642461 0.381293 2.401958 -2.252947 -1.205689 1.094675 0.938549 1.840645 -1.301356 -1.443263 1.000720
0.620000 -11.106205 5.225687 0.045905 4.067333 -2.757288 0.977849 36.303600 -2.177677 -8.839077 -6.430665 5.308266 -0.772264 -1.323294 -4.921718 -0.384074 1.727108 -1.986290 -0.794942 0.580171 1.534159 2.388095 -2.538323 -0.525762 0.703138
0.640000 -13.952975 6.739991 -3.352737 1.025516 1.388037 0.570513 33.968410 0.338896 -11.168913 -8.161793 7.373814 -1.265197 -1.053275 -4.791122 0.537596 3.197521 -2.023537 -0.780093 1.025847 0.809939 2.187491 -2.079727 -1.136515 0.930832
0.660000 -6.962237 3.723403 -2.155061 3.166745 -2.264236 1.133878 35.699585 0.493901 -11.514343 -7.543930 6.381947 -1.786921 -0.084606 -5.354383 -1.118605 2.385279 -2.698956 -1.434568 1.350918 0.671717 2.785443 -2.665260 -1.687331 1.230862
0.680000 -7.748278 4.128094 -1.439849 2.074417 -0.723763 0.224460 33.009144 -0.355072 -11.268181 -4.270890 3.054932 -1.613328 -0.348887 -2.170765 -0.397754 2.691574 -2.167593 -0.529586 0.416184 1.618309 2.403062 -2.571212 -0.510256 0.906177
0.700000 -4.089780 4.905611 -0.538914 1.407829 -0.234871 0.560044 32.739922 1.023522 -12.610258 -6.609184 6.628861 -1.722941 1.922154 -3.604028 -3.084626 1.774172 -2.668471 -1.354054 1.420102 0.931183 1.885671 -2.327408 -1.313580 0.898795
0.720000 -1.291848 4.706730 -0.464117 -1.193143 2.487041 0.747107 29.648964 -0.821113 -12.408247 -5.213431 4.962153 -1.514842 1.196612 -3.693069 -2.849926 2.630726 -2.694172 -1.453560 1.350988 0.579582 2.764976 -2.448699 -1.051894 0.854822
0.740000 4.264577 4.740456 -1.108721 -1.113330 2.285971 1.028908 28.402302 -1.738348 -12.311842 -4.089498 3.425224 -1.526638 2.565815 -2.479173 -3.048518 2.981144 -3.205286 -1.362932 1.301290 0.548071 3.257581 -3.335113 -1.575978 1.537808
0.760000 10.227893 6.309180 -1.380724 -2.088737 3.273708 0.726919 24.992546 0.818778 -11.279661 -2.713814 3.537901 -1.948777 2.737867 -2.373369 -3.079432 2.831733 -2.924483 -1.280267 1.180628 0.584144 3.294553 -3.424446 -0.931524 0.873921
0.780000 16.450556 8.310787 -3.235126 -3.613164 4.863297 0.619186 20.604471 1.930697 -11.430618 0.843527 1.030503 -1.424117 0.624025 -1.286319 -2.101552 2.416958 -2.423691 -1.403976 1.290392 -1.636232 3.630441 -3.250171 -1.468877 1.190159
0.800000 17.607206 11.205408 -4.372797 -3.699506 4.825769 0.623018 11.340591 1.443408 -9.943752 0.778975 3.574764 -0.879852 0.275196 -0.741862 -0.803377 1.670508 -0.817432 -1.353061 1.243857 0.546942 2.491125 -2.248654 -0.665884 0.551568
0.820000 16.549925 8.937961 -1.219205 -3.602180 3.460497 0.250067 4.202336 -1.249143 -4.807474 2.258592 0.698130 0.274451 -4.630104 3.261312 0.508712 0.794388 1.056831 -1.018130 0.832721 2.332529 0.505995 -0.956845 0.151999 0.194249
0.840000 14.420464 8.830175 -1.348584 -4.149447 4.904929 1.217198 -3.304642 2.229302 -4.937062 1.248003 2.118855 -0.064041 -3.564847 2.646762 0.470414 -0.714583 2.285672 -1.344775 1.656249 0.675268 0.003025 0.269969 -0.737363 0.438036
0.860000 20.305950 8.921144 -0.582151 -2.702467 3.534428 1.361263 -6.457263 6.256102 -7.727771 0.966794 2.249842 -0.473573 -2.579861 0.548702 -0.469410 -1.310070 2.349762 -1.479935 1.351988 0.355820 0.989010 -0.241856 -0.573489 0.313683
0.880000 27.532745 11.801578 -2.470779 -3.254246 4.439066 1.235387 -8.060909 4.762310 -6.141067 4.678369 -2.561893 -0.095809 -3.257890 -0.236315 -1.221151 -1.117643 1.748090 -0.888281 0.988948 -0.053337 1.623525 -1.024524 -0.495672 0.537253
0.900000 30.528717 17.612608 -7.476597 -5.973278 8.645224 1.724139 -11.162404 2.582390 -2.929785 3.125262 -0.532612 -0.115496 -3.523397 -0.380919 -3.666773 -0.296288 1.284474 -0.044278 0.203694 -0.097559 1.709818 -1.142941 -0.851736 0.775267
0.920000 32.203102 16.329016 -7.330297 -4.921089 6.985333 1.568423 -10.383453 3.462351 -4.090961 4.962379 -5.597684 0.119866 -3.074651 -0.503958 -4.610130 -0.540371 0.623414 0.587324 -0.583977 -0.187138 1.970571 -1.474186 -0.261969 0.813388
0.940000 33.347309 16.295824 -3.733834 -2.861150 5.934078 0.637949 -10.052322 1.739494 -3.608660 8.259847 -8.904105 0.770966 -5.913895 2.225798 -3.816409 -1.535101 1.128031 0.728264 -0.859802 0.311870 2.946961 -2.603813 -0.030588 0.358997
0.960000 16.484383 17.176317 -3.542215 5.161310 -3.111226 -0.354230 -27.449915 4.643910 2.148719 -9.718759 12.932693 -0.297497 -5.370018 -0.099188 -9.130768 -3.815989 1.725694 3.379802 -3.021137 -2.701793 3.604305 -1.742886 -2.222908 2.744131
0.980000 13.666637 4.652647 -5.171073 -1.045133 7.804265 -0.440160 -12.133411 -4.746671 4.966766 14.751932 -13.276911 -1.844319 -12.153275 21.736507 1.417526 -3.450461 2.432043 0.116815 0.225964 -1.196603 6.402965 -3.630695 -1.113140 1.824909
1.000000 -28.070013 11.899526 -11.239009 5.349884 1.984024 1.637008 -44.534309 6.062840 -9.705725 -13.074780 5.418717 1.911852 18.872719 33.237713 3.362318 -3.036766 7.844171 2.108615 -2.191359 2.402963 4.213640 -2.677474 0.181635 -0.657043
1.020000 -37.224663 9.071534 1.574454 -0.889553 -1.190792 0.995293 -10.701862 2.308136 6.333316 10.834236 -8.680906 0.090071 23.413002 43.054268 5.068381 -7.160483 9.890108 -0.167154 0.551276 5.262369 -4.215595 -2.539730 1.813574 -1.220425
1.040000 -19.340549 5.405661 -7.973040 13.237217 -17.396065 2.776733 -20.284088 -11.312889 5.250759 9.309732 -14.045618 -0.601628 22.018488 19.475710 2.161422 -9.687663 8.525805 -1.473947 1.034915 1.573076 -6.034768 7.339869 2.550263 -2.028761
1.060000 -3.886871 7.567281 -11.966888 3.886237 0.818713 0.039054 -8.368621 0.748728 -2.174120 -4.756266 11.593233 -0.061906 14.987175 -1.982076 -2.152985 -6.146883 4.205271 -1.703223 2.355300 0.064213 -3.697609 5.611094 0.067991 -0.844364
1.080000 -36.269783 -7.508010 10.589759 5.736130 -5.406151 -0.680469 -30.410149 4.701773 -2.900039 3.664254 -3.402686 -0.472610 13.582004 6.339725 -2.440242 -4.717154 0.968192 -4.472792 2.973088 0.728887 -0.816359 2.346325 2.346224 0.020174
1.100000 -22.660458 1.402589 -2.977990 3.304601 -2.979046 -1.064639 -29.371363 6.565207 -6.599727 -2.573349 -0.121418 0.884380 19.626015 11.251471 -4.032454 -4.214565 3.081183 0.521578 1.534376 -1.241748 -0.082954 2.506259 0.808752 -2.230061
1.120000 -14.708759 5.496357 -6.590173 4.460201 -8.772888 0.426938 -25.840128 2.871659 0.311821 1.316843 -1.367585 0.721566 19.800859 13.278318 -2.249100 -0.735336 0.123540 -1.282321 0.068947 6.512275 -1.770532 2.393614 -4.702502 4.793252
1.140000 -20.658758 0.998311 0.947117 0.718397 3.384141 -0.741339 -20.435747 4.648500 2.318550 7.115390 -7.220425 -0.327843 18.161190 17.104122 0.451772 2.217231 -2.140570 0.207265 0.473494 7.727977 -1.636915 0.480887 -4.388564 3.179471
1.160000 6.216698 12.331379 -11.004686 10.453226 -13.359106 -1.271958 -16.676973 -10.361302 13.707437 1.813304 -0.002564 -0.686708 24.242588 8.759815 -2.496515 3.273133 -1.622473 1.825253 -1.845878 3.546270 -2.778782 2.716537 0.399673 -0.810962
1.180000 -32.822140 -2.433628 0.732362 0.414507 6.364998 -1.026754 -26.831837 8.110205 -2.737769 8.824405 -8.024465 0.686714 15.591812 17.941010 -2.502207 1.358873 -2.190733 0.653419 -0.485720 8.962914 -4.750531 2.772169 1.702596 -1.141686
1.200000 -14.445415 -0.749199 2.622855 7.994262 -4.839759 -0.702718 -16.486086 -2.095478 -0.941196 1.474220 0.402259 -0.009376 6.551662 14.986273 1.995224 -3.428888 1.132186 -0.164602 -0.079701 3.223817 -6.291266 2.433247 0.498238 -0.871079
1.220000 -16.421850 -0.474676 -5.087975 1.042681 -1.272130 1.237108 -22.790085 3.994051 -3.998405 -3.518528 0.981599 0.209645 8.682250 7.466933 -1.404160 -3.459099 4.183598 -0.084154 0.078725 5.227677 -6.621320 5.360481 -0.253675 -0.119340
1.240000 -14.891379 -5.735999 4.314979 3.521988 -5.147050 0.120668 -16.242208 8.111794 1.526567 7.612545 -7.501954 -0.676841 6.185235 7.338203 -3.364659 -3.897852 4.206171 -2.334867 1.969302 -3.386693 -5.831515 4.602751 -1.309672 1.029688
1.260000 -28.358038 -3.724798 7.589762 4.402878 -4.084653 0.681728 -32.451500 4.773349 -1.630562 5.296358 -5.524724 -0.120198 10.897303 2.047517 -3.930534 -3.124388 2.052489 -0.378534 0.797542 -4.996701 0.974756 3.996110 -0.085045 0.395160
1.280000 -40.430290 -7.369643 4.203644 -0.789022 0.823869 1.288297 -33.949001 3.461799 -4.957942 1.943461 0.260935 -0.967127 7.942151 4.894644 -4.240102 -0.772713 -0.665228 -0.933183 0.008756 -8.838208 3.646247 0.800494 -0.742656 1.037279
1.300000 21.897318 11.593972 -8.902091 5.633794 -2.244071 0.464661 -21.123730 -12.101300 11.819592 -5.655001 4.338926 -0.257049 -17.933041 -5.731863 3.305782 0.045528 -0.751204 2.425592 -1.869125 -2.948776 0.724683 -1.378188 2.101496 -2.184303
1.320000 5.255308 7.890492 -1.280686 -1.387849 6.196683 -0.053292 -23.380030 0.342164 8.988516 -9.180010 6.178432 -1.059277 -14.121217 -6.745553 -1.175567 3.422817 -2.487671 -0.607043 0.255422 0.281315 -0.242806 -1.846345 -2.167816 1.419522
1.340000 12.179339 4.105999 1.524001 -0.436932 -0.169596 -0.526379 -10.079973 6.360124 2.194526 -3.162426 1.075357 -0.225026 -7.951538 -0.717627 -2.757881 3.214685 -3.529367 -0.024235 -0.466393 1.123060 0.367608 -2.058624 -0.158837 0.647002
1.360000 18.937860 4.329594 11.330211 -0.676015 6.626141 2.546178 -7.822105 0.691995 -1.545867 0.018022 -1.503005 -0.593329 -1.193201 -1.401513 -3.525296 2.706485 -3.327250 0.243410 -0.448386 1.150263 -0.878741 -0.972928 -1.178445 0.838418
1.380000 22.668238 10.640010 8.782199 -4.414654 11.284319 2.837943 -12.205149 -1.428814 -2.579194 3.285330 -3.670199 -0.915924 -1.909953 -1.986766 -2.573815 1.728252 -2.006441 0.444623 -0.542842 0.533157 0.062777 -0.718513 -0.698717 0.851347
1.400000 27.683079 14.903296 -4.336212 -7.404334 11.529471 2.729859 -8.211151 -2.240347 -7.573209 -0.924550 -1.608291 -2.239983 1.073390 0.978581 -0.269099 2.837985 -3.739906 0.495495 -0.489753 0.562022 0.633928 -1.199613 -2.949851 2.616061
1.420000 17.153244 10.913580 -13.117271 -3.397953 4.771615 1.559703 -0.798822 -2.025762 -6.604829 -0.631576 -2.719232 -0.500166 0.794486 13.885664 -1.019223 2.250528 -3.066710 0.797831 -1.196221 -0.051656 0.395192 -1.110773 -1.093656 1.386574
1.440000 -10.967909 14.815516 -13.666388 -0.819287 4.841206 0.590825 0.377176 -1.774287 -8.378475 -11.503436 5.372325 -1.166330 1.933321 23.641058 -5.541774 2.006188 -2.714634 2.201877 -1.054362 -0.206638 0.641184 -0.079834 -1.107884 0.678586
1.460000 -18.818254 17.586369 -12.055158 2.507672 -5.330217 -0.041695 3.581141 -10.142915 -0.968403 -12.520730 6.436389 -2.417556 -0.496520 23.041210 -1.842736 2.060054 -3.237436 0.182542 -0.812866 0.272803 -0.551907 0.410698 -1.192437 1.042069
1.480000 -17.312956 16.356823 -7.984021 3.954315 -5.674694 -0.165483 1.683591 -10.308521 -7.790027 -11.414255 4.285663 -2.145459 1.397397 21.613121 -1.293000 2.728823 -2.925558 1.480212 -0.970612 1.914584 -1.803626 0.388523 0.070709 0.395308
1.500000 -12.810645 12.743624 -4.419262 8.911581 -9.589993 -0.327622 2.101700 -10.173553 -10.273368 -10.917123 4.182163 -3.468210 2.616576 17.672426 0.873521 2.424448 -3.673788 0.587719 -0.467964 3.621444 -2.983909 0.406779 -0.552988 0.709700
1.520000 -16.402103 10.399874 -7.419140 10.245334 -9.339252 0.515206 -3.663066 -12.025298 -8.174798 -13.132936 6.426068 -3.610810 -2.704607 12.879385 1.706476 1.546673 -1.446894 1.032465 -1.098403 4.520098 -2.702132 1.395532 -0.202632 0.436589
1.540000 -22.501480 8.039269 -6.186147 9.332292 -7.082556 0.057437 -5.376597 -9.944014 -9.250111 -13.161264 5.293657 -3.310250 -3.129080 9.299738 1.246614 1.385070 -0.305389 0.708375 -1.006822 1.569864 -1.969833 1.426768 -0.504913 0.590772
1.560000 -23.078444 8.058911 -5.556287 7.551474 -4.873809 0.009302 0.372635 -8.314778 -6.692889 -14.096793 7.211734 -3.259138 -7.731617 7.018584 1.277643 0.528892 -0.032075 0.199696 -0.307596 1.202645 -0.921764 0.732055 -0.969550 1.288390
1.580000 -21.201427 8.384614 -6.300576 6.327290 -4.098770 -0.467458 9.112678 -8.178169 -4.696743 -12.912325 7.525814 -2.091948 -7.880999 5.556146 -1.253954 1.209643 -0.122285 0.262264 -0.246480 -0.898243 -0.184914 0.041017 -2.031859 1.885715
1.600000 -14.773556 7.783439 -3.727483 5.303010 -3.088380 -0.482979 20.221947 -10.453694 -2.494097 -12.800372 6.553681 -1.300948 -6.510636 5.807746 -2.384888 1.971144 -1.900923 0.382681 -0.520825 -0.597094 1.005704 -0.544948 -2.121710 1.876771
1.620000 -20.901724 3.838304 -1.532683 4.575508 -3.100468 0.059528 12.957032 -13.151205 -0.654555 -11.772640 5.082091 -1.296556 -9.395855 12.452196 -2.123105 2.083184 -3.588778 0.838263 -0.320255 6.248586 0.087894 -1.684611 -1.504090 1.084752
1.640000 -21.828270 -0.565145 -0.696249 5.070647 -2.192047 0.083959 15.174819 -13.604741 -5.380557 -8.851665 5.609476 -2.354881 -14.230215 17.993273 -1.655662 1.544440 -2.660602 0.481758 -0.440318 9.444312 -2.059730 -0.904858 0.332755 -0.335838
1.660000 -23.428268 -5.680514 0.343258 6.094934 -4.023593 -0.001397 14.640270 -16.367952 -8.052938 -9.385364 6.324888 -1.363415 -16.500072 15.036338 -1.178907 1.299825 -2.164039 -0.112343 0.175539 5.523391 -2.567059 0.518849 1.157047 -0.889395
1.680000 -26.357695 -4.296812 1.304462 3.442129 -2.646872 0.463703 11.256648 -16.636724 -7.663793 -12.434190 8.031104 -1.115211 -18.638817 7.182085 -0.949170 1.235460 -1.888081 -0.703243 0.455755 -0.638705 -1.408338 2.354275 0.098186 0.076322
1.700000 -21.260458 -0.906685 0.289555 3.781645 -3.066256 0.623945 13.633680 -13.503073 -2.683431 -13.356954 9.784736 -1.124493 -19.930305 2.688781 -1.528445 1.226750 -1.722802 -0.207261 0.500198 -5.955813 0.596900 2.277169 -0.719839 0.399497
1.720000 -19.169514 0.436687 -0.736454 7.160845 -7.711348 0.019263 10.671229 -8.492485 -0.079399 -15.423168 9.014175 -1.495969 -18.926712 6.168633 -3.891422 1.914928 -2.621848 0.991740 -0.446081 -5.045957 1.135483 1.523790 -1.192799 0.780186
1.740000 -15.291380 -1.648445 0.653677 8.427394 -6.914064 -0.152823 14.350168 -6.412956 -0.781188 -16.189112 9.126133 -0.529680 -16.923788 5.635012 -5.015867 2.521642 -3.084062 1.188000 -1.064703 -3.948040 -0.062347 1.173683 -0.938709 0.926577
1.760000 -14.930714 -5.392599 3.818052 6.989561 -4.476077 0.091168 15.983486 -12.478989 -2.860922 -13.542692 10.310873 0.926720 -10.825506 -4.130445 -4.882022 2.233088 -3.559238 0.523449 -0.946987 -5.409772 0.034900 1.849469 -0.857214 1.000228
1.780000 -20.698441 -10.391191 8.311623 3.000064 -0.823547 0.222323 22.709961 -21.467615 -5.474759 -14.298045 11.864997 2.105900 -6.540793 -10.115932 -4.395150 2.029592 -3.283132 0.441128 -0.324719 -4.775064 0.776746 1.603153 -0.539829 0.829672
1.800000 -25.700903 -14.300780 6.260587 1.357262 0.116148 0.145893 30.363884 -26.924583 -6.997833 -15.832950 12.165883 1.552511 -10.191813 -12.181470 -2.765993 1.586728 -3.096651 0.489154 -0.333737 -3.901186 0.889461 0.365568 0.606946 -0.728889
1.820000 -27.744795 -16.034191 0.450353 3.173594 -2.272679 0.138194 30.233440 -25.996288 -7.880104 -17.439211 12.063652 -1.121436 -15.480593 -11.562370 -2.860286 1.621306 -3.421606 0.103337 -0.128222 -1.440794 1.066911 -1.002529 1.062502 -1.200790
1.840000 -25.464941 -13.174704 0.117006 4.980438 -4.000116 -0.171750 29.276567 -16.131271 -11.528304 -21.336658 12.727878 -3.119463 -16.727659 -17.790815 -2.352830 1.388299 -2.668902 0.814691 -1.283323 -5.621353 -1.587920 2.253769 -1.645791 1.345359
1.860000 -16.391336 -9.720688 0.429205 6.355824 -5.911991 -0.626600 18.927069 -2.718458 -14.217976 -18.429770 5.929243 -4.270840 -14.591837 -23.524439 -2.946527 1.999042 -2.339153 1.230834 -1.417412 -7.551258 -1.731260 3.266718 -1.694468 1.508011
1.880000 -10.873704 -6.836757 2.729009 5.987985 -5.030313 -1.312547 -0.421632 8.593140 -7.307908 -10.085288 1.906810 -2.485444 -13.936767 -12.469308 -3.442147 2.333287 -3.073026 1.572695 -1.237252 -7.996445 -0.011582 2.024500 -1.847332 1.208756
1.900000 -14.175166 -1.171856 2.675951 6.394647 -3.478276 -1.050935 -5.209516 10.857145 11.328533 -4.669307 7.605696 0.448602 -18.919832 12.580171 -2.189992 3.179461 -4.126136 0.426518 -0.038009 -3.314935 3.184264 -1.122030 -1.648549 1.370163
1.920000 -24.630478 3.035091 4.247756 6.027930 -2.736760 -0.680550 -4.370518 6.789168 17.079399 -5.735113 5.153911 0.825783 -14.853727 25.673590 -3.888073 3.563476 -4.132904 0.368298 -0.600511 2.891791 3.085276 -1.667739 -1.470194 1.105607
1.940000 -23.573559 3.820431 5.541422 6.284639 -3.977277 -0.302327 7.375978 -2.782964 16.743439 -2.206367 2.315701 0.467239 -11.832167 30.430250 -3.416587 2.621464 -3.676743 1.119031 -1.055341 4.581965 -0.002081 -0.898884 -1.276665 1.215771
1.960000 -19.303968 2.387587 6.382405 7.467509 -5.609890 0.214536 5.842117 -15.093733 16.179417 2.492617 -1.635432 -0.061702 -8.429038 27.202927 -2.105716 1.740774 -2.724473 0.303323 -0.796459 3.702342 -0.517177 0.779504 -0.897791 1.125064
1.980000 -11.673825 2.640851 7.216464 6.877779 -6.664575 0.514541 1.838466 -16.707697 9.613616 4.631258 -4.560882 -0.530892 -6.066380 13.893272 -1.905352 0.110247 -1.018074 0.492558 -1.019385 2.029382 -1.832771 3.530523 -0.717723 0.264812
2.000000 -6.134269 1.893412 8.712391 7.097006 -6.265106 0.800737 -6.633375 -12.196005 4.107576 6.047451 -4.441950 -0.101447 -1.173064 3.106610 -3.149542 -0.246030 -0.684996 -0.338989 0.143933 2.828204 -3.014916 4.427121 -0.461492 -0.146169
2.020000 -3.737326 -0.144311 5.524039 10.341518 -8.375786 0.640821 -11.902282 -4.136333 -1.107060 6.771810 -4.888971 -0.176469 0.358932 -7.796757 -4.909770 -1.319790 0.091942 -0.366149 -0.237170 5.507885 -4.418354 4.042099 -0.048851 0.012365
2.040000 1.761541 0.089091 -1.497953 13.541282 -9.451449 -0.488943 -6.444737 2.181768 -5.050426 5.439182 -3.805324 -1.089408 -0.546434 -15.315197 -5.390100 -1.153828 0.747142 -0.042010 -0.368692 -1.794806 -3.708423 1.060545 0.827396 0.241892
2.060000 -7.055463 1.470336 -3.688327 13.256961 -8.226893 -0.656643 -10.177282 3.303660 -5.449424 4.636973 -3.887411 -1.007267 4.001354 -17.778679 -5.112581 -1.732682 1.108704 -0.624965 0.379453 -9.629644 2.684426 -0.341559 -0.798942 0.490679
2.080000 -10.565793 2.274899 -6.810947 14.206022 -8.062664 0.086423 -1.860133 -5.259903 -5.501968 6.980826 -5.942384 -1.876448 2.347080 -7.827147 -3.328196 -2.176460 1.233400 0.302139 0.467893 -6.843487 3.978338 -3.098839 -0.462199 0.976366
2.100000 -19.493639 -1.599890 -2.566437 13.902250 -7.887606 -0.099650 3.092147 -9.007675 -6.478069 6.303397 -7.508645 -1.828427 0.739928 -2.583992 -2.192993 0.162468 -0.299021 1.198889 -0.733210 -2.711881 2.287601 -3.056848 -1.032741 1.355561
2.120000 -14.004495 -2.310391 -0.559061 8.364107 -5.687663 -0.456256 17.001308 -15.020101 -17.310667 6.584804 -6.849304 -2.812495 3.175462 -16.020838 1.255958 3.849748 -3.463726 2.505290 -2.295448 -6.065264 2.292183 -0.130777 -1.489740 2.018643
2.140000 -1.541433 -4.413849 -1.757498 -0.790796 1.202452 -0.382281 17.097876 -26.520239 -36.265251 14.343397 -9.916059 -4.694875 13.417710 -37.226753 0.731335 3.851646 -3.554279 2.047052 -1.989324 -8.402779 1.444043 2.392098 -0.764564 1.249349
2.160000 -0.531549 -0.214502 -4.349991 -3.376108 1.953386 -0.219391 12.922454 -32.477551 -44.922276 22.006823 -10.542536 -5.984729 20.170050 -39.254883 -1.838983 1.273521 -2.640206 2.108182 -2.301798 -8.282312 1.143713 2.950683 0.069420 0.022799
2.180000 -13.483518 -0.815547 -0.369454 -5.118575 1.005575 0.538627 7.837780 -25.222027 -43.169399 20.581152 -5.761452 -5.393869 31.027128 -22.203211 -6.183195 1.032770 -2.575987 1.209343 -1.284724 -5.661346 2.170354 0.085886 -0.737425 0.452144
2.200000 -22.336018 -1.856169 2.061271 -6.587303 4.574411 0.061576 6.065286 -18.166969 -39.700947 14.353276 -7.739261 -5.721114 25.125626 -9.183660 -5.206078 0.141292 -1.684881 1.645946 -1.478935 -2.564075 5.023348 -5.284338 -0.966420 1.587572
2.220000 -21.503508 -0.248216 3.681192 -4.687064 3.872287 -0.186655 6.263254 -21.977793 -27.670389 14.857330 -10.745728 -5.026217 19.408298 -8.183223 -1.361919 -1.694924 -0.228393 1.142249 -1.030293 -0.668372 7.599372 -7.534038 -1.122281 1.341041
2.240000 -9.562023 4.287839 3.133357 -5.168869 2.873727 0.161122 9.641280 -28.437061 -20.105099 14.618785 -11.483937 -4.248351 19.070370 -5.827373 0.848317 -1.631698 0.569826 0.574674 -0.727943 -0.154268 8.259824 -7.903106 -0.687173 1.012655
2.260000 -1.042718 6.482780 1.342084 -3.302281 3.217072 0.248805 22.269438 -25.227133 -22.944139 14.547788 -13.001321 -4.153633 17.765800 -6.760303 1.749909 0.139008 0.047671 0.117614 0.041997 0.275648 7.181233 -7.582796 -1.157890 1.262301
2.280000 1.901234 9.450541 -4.100641 0.781905 -0.114513 0.381371 25.570429 -22.184849 -25.380692 13.416055 -13.383988 -3.832524 16.782913 -8.088326 0.002675 1.796443 -0.783537 0.248718 -0.059727 0.230186 7.372781 -6.922728 -1.056039 0.973536
2.300000 6.706069 8.885880 -6.442296 0.172222 0.933131 0.130321 24.266668 -24.951159 -23.728750 7.607874 -9.376434 -3.148826 17.148319 -10.072005 -1.150815 2.927212 -2.531485 0.186273 -0.424246 -1.452680 7.288640 -7.193799 0.436397 -0.132741
2.320000 7.586941 8.509903 -6.648246 -0.541306 0.254756 0.079670 17.753687 -27.554506 -22.737589 4.301521 -8.650364 -2.967811 20.606377 -11.560512 -1.571303 3.936458 -3.899589 0.995612 -0.919472 -2.795367 7.808416 -8.112950 1.617979 -1.515113
2.340000 10.019627 11.723564 -6.339823 -2.022712 1.524493 0.333630 18.039818 -26.046654 -24.848568 2.621601 -6.016963 -3.058172 20.264210 -12.318245 -0.713723 4.214218 -4.464309 1.570839 -0.924989 -2.738562 8.733543 -9.645386 1.479232 -1.556586
2.360000 4.722383 14.559160 -3.411566 -2.300090 0.307992 0.293227 13.247777 -26.221428 -24.947384 3.794983 -5.912864 -2.962794 24.345013 -10.358349 -1.586545 3.894738 -4.080000 1.349537 -0.853776 -2.797794 10.726252 -10.670820 4.512698 -4.374074
2.380000 -0.464774 15.739626 -0.095603 -3.559870 2.307724 0.005421 13.099627 -24.763178 -26.226267 3.658707 -5.835095 -2.937319 24.869148 -8.005692 -1.160242 2.868945 -2.537000 1.070366 -0.894911 -6.504961 13.803032 -11.951876 9.879195 -9.135438
2.400000 -6.367025 15.608371 0.308457 -4.853881 4.366385 0.045526 10.798309 -21.904543 -25.677782 1.669882 -3.996914 -2.319272 23.507908 -4.694972 -0.001716 2.997353 -2.149723 0.844397 -0.884387 -10.987790 15.861399 -12.130909 12.570982 -12.223959
2.420000 -7.277512 17.243290 -2.609328 -4.930964 3.926458 0.330849 6.752411 -15.544267 -23.210712 2.429204 -3.842780 -1.869603 19.503857 0.497665 1.665496 2.857467 -2.240513 0.812787 -1.083149 -15.935537 16.130322 -12.068032 15.429847 -14.680787
2.440000 -5.888136 17.080622 -4.595108 -3.600249 2.212550 0.428627 2.715528 -8.067929 -19.430172 5.348580 -5.380673 -1.646341 15.264870 5.915813 2.026430 2.529142 -1.722518 0.469735 -0.681488 -19.810734 15.087319 -12.236861 17.917042 -17.224136
2.460000 -4.065749 16.808620 -4.629285 -2.730010 1.975109 0.118341 8.310799 -1.307817 -13.581939 6.438471 -6.029769 -1.123179 7.207627 10.310241 2.415204 2.093696 -1.334024 0.168588 -0.277500 -22.922197 13.494761 -12.168092 20.066431 -19.482180
2.480000 -1.638507 15.365423 -3.523865 -1.354457 0.765046 -0.039890 14.034524 3.428332 -8.449630 7.144149 -6.826645 -0.767254 2.817170 13.394406 1.503191 2.458191 -1.829358 0.185292 -0.176965 -25.251642 10.294449 -11.400959 21.967260 -21.576990
2.500000 1.473985 13.439931 -2.441084 -0.072432 0.211801 -0.144532 20.976374 7.475925 -4.982998 6.947602 -7.038405 -0.721567 -2.387962 16.071905 0.286908 2.006764 -2.459430 0.381411 -0.508892 -28.115263 10.227503 -12.788084 21.943333 -21.104145
2.520000 1.979973 11.911041 -2.688835 1.036366 -0.264223 -0.368175 23.589531 9.144579 -2.534150 4.960318 -5.437469 -0.681289 -5.817451 17.808231 -0.312988 3.148696 -4.038852 1.278527 -0.804196 -28.815126 10.757714 -12.667588 21.544144 -20.468544
2.540000 -0.445821 10.759125 -3.787787 0.250036 -2.823349 1.126496 25.483976 9.174963 -3.970872 0.407596 -2.901451 -0.721831 -10.286867 15.828772 0.470828 4.253369 -4.726251 1.637175 -1.275776 -28.972818 10.544513 -12.367480 21.148012 -19.846609
2.560000 -2.731034 6.307148 -2.277945 1.253744 -9.223743 3.225317 24.845493 10.562235 -8.003803 -3.602296 -0.055405 -0.767108 -15.546741 9.808498 0.348352 5.355151 -5.187346 2.032283 -1.212827 -26.965342 9.615243 -11.167989 21.030180 -19.586573
2.580000 -3.833262 5.638733 -0.646480 2.187147 -9.654831 3.541394 21.326551 12.557618 -14.266004 -6.064166 1.216439 -1.221442 -22.756435 0.509242 1.365413 6.288960 -6.199345 1.645264 -1.459311 -22.571783 8.348533 -8.914348 21.285702 -19.621174
2.600000 -3.764137 6.635667 -0.401897 1.718707 -7.827219 3.183363 16.636417 16.233557 -19.063551 -5.851892 0.765157 -1.742336 -25.342308 -8.860068 0.378772 7.504848 -6.817840 0.880925 -0.670526 -18.224350 6.389440 -6.402113 22.225254 -19.341801
2.620000 -3.886247 7.250905 -0.466200 1.993578 -1.409927 0.329043 10.511463 19.782110 -19.705683 -4.597853 -0.103818 -2.099654 -21.511581 -13.977893 -0.410883 6.893154 -7.142914 0.552600 -0.336306 -14.575328 5.457857 -3.857490 21.967428 -18.932650
2.640000 -3.927812 4.130329 -3.578458 0.528731 -4.563703 2.342146 4.418836 20.171328 -19.046762 -3.733258 -1.304463 -2.349479 -16.030052 -13.184510 0.298202 5.960469 -6.263842 1.264269 -0.242960 -12.593649 4.517754 -1.592639 21.076674 -18.897528
2.660000 -3.959844 0.926479 -4.586800 -0.234150 -4.399075 1.444695 -0.337818 21.691607 -18.004587 -5.482827 -0.353606 -2.396024 -13.327684 -11.012503 -1.829735 4.389408 -4.539392 0.242750 -0.231674 -11.769764 3.448786 -1.332371 20.101940 -18.677155
2.680000 -6.134457 1.627854 -10.317906 -2.878919 -3.285546 1.505540 1.415583 19.418789 -15.892784 -5.481175 -1.207751 -2.492543 -10.868571 -9.561734 0.267357 2.990491 -3.015743 0.225336 0.589424 -9.736598 2.777082 -1.601293 18.922201 -18.826765
2.700000 -8.916511 -0.053447 -14.894950 -3.666170 -4.762414 2.196679 6.732006 10.692811 -11.814853 -1.291834 -2.762007 -2.401935 -3.877241 -8.767893 -0.351631 1.887544 -0.389014 -0.238736 0.408260 -8.814989 2.447825 -1.701381 18.525141 -17.948606
2.720000 -12.249994 -6.156585 -6.988579 -0.568224 -6.901917 1.520965 9.446322 0.412158 -4.098640 -0.849114 1.423189 -1.339264 -4.368940 -7.552394 -0.848367 -0.214328 0.465921 -0.567068 1.168542 -7.535007 1.804441 -1.577579 17.463509 -16.654598
2.740000 -14.839501 -8.754985 4.191189 3.724029 -8.596499 0.902994 4.307141 -2.842340 -2.982784 0.702755 0.375265 -0.753055 -6.059144 -5.055786 0.243091 -1.415048 1.990649 -0.698306 1.116866 -5.344173 2.289887 -0.982028 16.443520 -16.148487
2.760000 -9.208805 -8.925605 6.241954 4.442979 -8.594948 1.108118 2.401210 -2.223965 -2.811850 0.042378 0.832956 -0.876490 -8.605142 -1.511608 0.621956 -1.630335 2.916220 -0.763902 1.190475 -4.330498 1.727065 -0.848091 16.154745 -15.414060
2.780000 -4.250733 -9.090137 3.034016 3.434015 -8.520043 2.282533 4.713013 -2.179574 -1.324371 -2.400980 0.631083 -1.519601 -11.318153 -3.014055 0.031899 -1.171003 2.814554 -0.667816 0.761726 -4.782041 1.148737 -2.232518 15.607504 -15.060263
2.800000 -3.025948 -8.461971 -0.991217 0.531172 -9.107306 3.416390 10.312756 -2.145040 -0.996679 -5.657127 1.273845 -2.035648 -12.236025 -7.270960 -0.378985 0.463662 1.181649 0.329996 -0.223384 -5.049536 0.414089 -3.855321 15.662929 -15.213624
2.820000 -4.312946 -7.797251 -2.265997 -1.287022 -10.661194 3.412349 18.176573 2.393798 -1.900439 -6.889150 0.345347 -2.134888 -11.068544 -10.682896 -1.410576 2.782916 -1.761375 0.855272 -0.990840 -4.873534 -0.062546 -5.456482 16.341282 -15.853867
2.840000 -3.854225 -8.167165 -2.044789 -3.662530 -9.343870 3.088831 21.371964 5.103822 -4.767606 -5.267380 -0.663651 -1.695171 -10.068577 -9.896276 -1.432690 4.580829 -4.569796 1.435778 -1.425718 -3.983535 -0.196371 -6.360327 16.205383 -16.242172
2.860000 -6.301677 -7.843526 -1.903099 -3.648431 -6.953891 2.704508 21.410357 6.588648 -7.236030 -5.038138 -0.794493 -1.774937 -11.489578 -7.834875 -0.802163 5.243073 -5.514807 1.533757 -1.622177 -3.564336 -0.389787 -7.348132 16.087923 -16.329340
2.880000 -7.510941 -9.391379 -1.853236 -1.779158 -5.870045 2.381493 19.996969 6.194393 -8.519384 -5.934192 -0.094292 -1.929543 -11.042532 -5.873064 -0.064015 5.196593 -4.624565 1.299803 -1.250104 -3.075104 -0.366608 -8.015545 16.298658 -16.253954
2.900000 -9.333888 -9.361399 -2.840659 -0.197774 -6.671212 2.658020 18.447119 5.800941 -7.477393 -6.392171 0.384279 -2.116693 -11.505690 -4.334967 0.390459 4.144051 -2.810986 0.873905 -0.975750 -2.678861 -0.175311 -8.549162 16.643255 -16.248552
2.920000 -15.487825 -9.352694 -3.810734 1.002596 -8.285370 2.274915 15.459945 4.604501 -4.717772 -6.817452 1.293292 -1.992842 -12.171021 -4.621208 1.001475 2.974391 -1.653167 0.496006 -0.843338 -2.821136 -0.211931 -8.529926 16.958883 -16.452524
2.940000 -19.417595 -10.967022 -6.198239 2.076653 -8.743992 1.609749 14.782751 3.093188 -4.255617 -6.154165 0.748401 -1.972418 -12.109261 -6.337478 0.963982 2.133941 -0.984324 0.263876 -0.442698 -2.733521 -0.130800 -8.342726 17.131027 -16.743919
2.960000 -18.663626 -13.311619 -7.129408 2.915032 -8.956475 0.738289 16.563036 4.258188 -6.473365 -5.343865 0.028926 -1.930935 -13.128842 -7.734958 1.019207 1.621504 -0.987939 0.324959 -0.594655 -2.288741 0.105419 -8.575050 17.639708 -16.995722
2.980000 -18.221598 -13.065405 -5.986636 2.590965 -8.371525 0.476899 17.396557 7.679708 -9.738540 -4.592036 -0.450973 -2.104072 -15.749426 -8.486776 1.102692 1.553181 -1.088203 0.471181 -0.724333 -1.446318 0.555343 -9.188451 18.089140 -17.102636
3.000000 -18.715548 -11.074694 -5.432740 0.991360 -6.690776 0.413691 18.665907 9.682440 -12.950825 -3.229127 -1.453721 -2.329541 -18.880434 -8.252796 1.175135 1.765839 -1.297930 0.243724 -0.675633 -0.484045 0.756692 -9.576099 17.941456 -16.711800
3.020000 -18.439499 -9.578531 -3.845641 -1.158825 -4.607668 0.206025 21.895006 10.854370 -15.165459 -1.560910 -3.264970 -2.486268 -19.497042 -6.719915 0.403491 2.164693 -1.198164 0.062679 -0.550956 0.284588 0.751712 -9.346187 16.235216 -15.171404
3.040000 -14.308879 -7.324492 -2.924790 -2.947207 -2.431206 0.023175 26.702570 10.807467 -14.613411 -0.738429 -4.346857 -2.693634 -18.695864 -3.185591 0.584813 2.199428 -1.120069 0.090423 -0.646200 0.652541 0.870549 -8.208845 13.034748 -11.944551
3.060000 -11.747103 -5.461563 -2.013378 -2.866071 -1.768994 0.053977 31.616623 9.798068 -10.590102 -0.556141 -4.812151 -2.688998 -16.027336 1.909970 1.659407 2.405512 -0.610343 0.180569 -0.902962 -0.787704 1.040680 -6.550520 8.983636 -8.188071
3.080000 -6.869334 -3.998282 -0.811626 -2.625302 -1.894899 0.354730 34.630966 9.334929 -5.676189 -1.641027 -4.105968 -2.704285 -11.923345 5.751452 2.695808 2.458093 -0.009498 0.458343 -1.037903 -3.440032 0.921031 -4.980742 5.188352 -4.521370
3.100000 -2.357619 -2.235610 -0.206879 -2.242247 -3.011999 0.772781 35.163464 10.237299 -1.593523 -2.816124 -3.393832 -2.763422 -7.563468 8.505040 3.415197 2.598263 -0.189627 0.636740 -1.011117 -5.430683 0.590799 -3.308048 2.350864 -2.111433
3.120000 1.859059 -0.457749 0.478138 -2.692872 -4.219488 0.999216 37.721706 10.751591 2.644222 -3.700133 -2.096711 -2.666246 -5.907526 11.231651 2.322836 2.434056 -0.581738 0.337136 -0.857534 -5.929791 0.351948 -0.882203 -0.957851 0.891399
3.140000 6.912020 0.580414 3.095924 -4.605575 -4.978424 1.271352 39.190937 9.473734 5.664576 -4.095764 -1.078303 -2.350285 -6.622359 13.346298 0.644826 1.433016 -0.848259 0.264473 -0.820428 -4.436599 -0.237493 1.047909 -2.285372 2.199739
3.160000 9.267420 1.594496 5.622674 -5.762805 -6.432204 1.973210 37.487457 6.857134 5.538070 -4.624662 -0.184203 -2.246812 -8.796774 14.102661 -0.658543 0.689421 -1.267743 0.464752 -0.697264 -2.600862 -0.730659 1.620802 -1.956392 1.878407
3.180000 9.517455 2.009765 6.353744 -6.381897 -8.031834 2.432080 35.834900 3.065056 5.099538 -4.322011 0.643280 -2.140638 -11.115811 14.435788 -1.004251 0.659444 -1.710723 0.347486 -0.543106 -1.786095 -0.944770 1.530910 -1.441760 1.593607
3.200000 4.667100 1.550967 6.157786 -6.039436 -7.264367 3.068891 39.064301 -1.182161 3.273965 -3.719969 -0.003084 -2.128559 -12.523876 14.719656 -0.521426 1.122107 -1.830000 0.052557 -0.329445 -2.156501 -0.795935 1.398849 -1.201818 1.544478
3.220000 -6.449428 -0.392781 2.888938 -3.185249 -4.805935 2.514202 45.331505 -3.261862 -0.443891 -0.612146 -2.687051 -2.238587 -14.856532 16.627958 -0.092973 2.194839 -1.846894 0.312534 -0.272238 -2.751195 -0.768371 1.479111 -0.779469 1.181932
3.240000 -18.631273 -2.988255 -1.724705 0.600426 -1.550588 0.776930 52.516506 -4.236629 -2.589684 2.343030 -5.843148 -2.331480 -17.157631 18.677185 -0.113986 2.719296 -2.177065 0.375562 -0.587839 -3.298536 -1.072394 1.578747 -0.713723 0.862338
3.260000 -23.937466 -5.511357 -2.996110 2.982947 1.011117 -1.025909 57.117599 -3.908486 -1.501049 5.581401 -7.109746 -2.332971 -17.145536 19.337233 -0.745491 2.466782 -2.653218 0.445172 -0.800266 -3.051582 -0.919198 1.056941 -0.593171 0.856263
3.280000 -24.023903 -7.206330 -3.621751 4.393293 -0.485273 -1.020928 55.943081 -5.565517 4.069452 9.378168 -8.494244 -2.291158 -17.102465 20.292334 -0.965561 2.894250 -3.280140 0.395806 -0.942641 -2.485377 -0.399194 0.591029 -0.316153 0.735123
3.300000 -23.106192 -8.891317 -3.801802 4.455087 -1.506719 -0.541762 52.431278 -12.661298 9.825063 13.312552 -9.490283 -2.317739 -16.514183 22.035942 -1.526765 3.687131 -3.883608 0.494320 -1.000132 -2.487510 -0.329937 -0.013929 -0.291973 0.547188
3.320000 -24.253445 -10.030390 -6.698545 2.576513 -1.928940 -0.487074 48.531616 -18.657312 11.967104 16.053339 -10.583193 -2.127849 -15.275530 22.526525 -2.382113 3.485953 -3.991918 0.663907 -1.091067 -3.031890 -0.270803 -0.642693 0.115714 0.027847
3.340000 -22.225391 -10.290369 -8.602842 4.168181 -2.664291 -1.047351 38.031670 -21.081182 12.795664 17.697927 -11.178421 -1.849937 -12.672998 19.067837 -2.919187 2.274185 -3.473708 0.757172 -1.143844 -3.330265 -0.210820 -0.612668 0.811968 -0.500128
3.360000 -15.351863 -10.298239 -6.359206 9.647018 -5.312584 -1.891270 23.965672 -19.929585 13.322906 17.870829 -10.165720 -1.124136 -7.350399 12.530859 -2.780799 0.562178 -2.220389 -0.112398 -1.061537 -2.772576 -0.484342 -0.082858 0.873334 -0.207396
3.380000 -2.122633 -9.128285 -6.040373 16.406281 -13.810043 -2.357879 9.330045 -17.790255 11.335747 16.181847 -8.087933 -0.390133 0.264860 6.115485 -2.075324 -0.169716 -0.752747 -0.395045 -0.730499 -1.956702 -0.513742 0.222418 0.932535 -0.116799
3.400000 14.360258 -6.869123 -11.261576 14.111531 -18.749060 -2.294667 5.681370 -16.967596 8.001337 12.589546 -4.436541 0.138061 5.819812 6.575058 -0.920276 0.107621 -0.351046 -0.347388 -0.116287 -0.350370 -0.009110 -0.849385 0.399523 -0.317105
3.420000 11.022946 -8.546202 -14.127628 3.760711 -14.839433 -1.154611 28.113171 -16.339916 7.346557 6.405214 1.056163 0.069107 2.120697 15.481853 0.138498 0.971716 -0.378878 -0.867798 0.313116 0.109597 1.183733 -2.879493 -0.327390 -0.301302
3.440000 -10.259941 -12.100183 -9.805619 2.614482 -8.260605 -1.035854 54.807438 -16.296562 12.394572 2.929615 0.033115 0.054437 -7.169333 22.463289 0.814756 2.819613 -0.960481 -0.791081 -0.482172 -0.483225 2.617572 -4.143796 -0.715344 0.723652
3.460000 -23.557571 -17.904448 -6.539015 6.090813 -4.053438 -1.135507 63.535591 -16.508276 17.025908 4.479136 -6.342380 0.293340 -14.666424 20.635853 2.122425 4.001026 -2.413792 0.350895 -0.807136 -0.004313 1.868738 -2.941498 -2.034817 1.692858
3.480000 -28.161625 -17.014740 -11.861154 3.581263 -1.714879 0.582617 61.144653 -23.240047 15.645249 10.641871 -12.220466 0.181736 -21.264814 18.523073 1.402186 5.185423 -3.715091 0.439753 -0.128783 -0.004704 0.758826 -1.087385 -1.944220 1.692796
3.500000 -30.326559 -11.997350 -17.187450 -0.937278 -1.023044 3.301680 59.489426 -27.127995 5.894193 22.543598 -19.022789 -0.340684 -19.579014 13.729787 0.754873 4.265096 -3.597013 0.644690 -0.353440 -0.574934 0.924540 -0.457957 -0.866085 0.465359
3.520000 -38.283749 -22.001272 -18.104677 31.516436 -32.949501 8.100968 45.717972 -3.231274 -21.001238 84.640869 -54.889347 0.745781 19.101366 -6.612170 2.531469 -1.546915 3.373686 -2.883521 1.314413 -4.778483 2.390934 -1.153219 0.422745 0.063191
3.540000 45.923164 37.061234 19.329636 44.871899 -52.830418 2.967992 -67.180893 -23.754707 -14.902012 47.028713 4.014416 2.349905 10.499811 -55.979767 -9.348996 -5.020500 -1.908486 1.052316 0.461525 -3.470279 -0.455286 3.388008 2.562649 -2.135841
3.560000 52.529488 8.713341 36.989426 16.904123 -63.882050 -0.775847 -40.108665 -7.322434 0.013966 44.529892 -10.481392 1.051339 13.351062 -41.620644 -3.896343 -1.502811 -2.920777 2.562400 -1.161666 -0.736078 -3.944153 5.385602 4.356977 -5.922395
3.580000 40.318539 -17.726496 18.297197 11.924639 -50.289207 5.957020 -27.154099 27.080456 -18.159908 55.186558 -32.099926 0.397741 22.650724 -16.818686 -1.030553 2.355949 -11.115145 -0.746674 -0.459219 -3.318390 -4.395423 4.459245 0.285626 0.701716
3.600000 68.532249 -6.101333 10.095040 40.968418 -53.432316 -0.808603 -19.995956 18.020781 -4.092232 33.572914 -12.089751 -0.076721 7.159970 -12.844558 -0.977349 7.637972 -8.433662 1.716776 0.102863 0.907896 -1.351010 0.941718 -0.328380 -0.326595
3.620000 54.314121 2.954782 2.246046 33.184479 -50.838570 -3.826178 -30.838596 -10.597363 -1.358028 8.046776 -1.192070 0.855859 4.739306 -24.606400 0.949444 5.251971 -3.486653 2.512129 0.145289 3.651722 -0.520954 -0.784060 0.264455 -0.217438
3.640000 31.682400 3.747072 -9.547873 21.664722 -43.873524 -3.204202 -27.819090 -8.621311 0.483058 24.536345 -16.658812 1.527351 4.638346 -14.818739 2.955135 4.156638 -1.863816 -1.078403 0.136761 -3.981564 1.945951 -1.082513 -0.369641 1.399591
3.660000 38.460979 2.939329 18.886047 20.069124 -43.588257 -9.842526 -35.193790 0.947840 20.035435 -6.500335 18.039274 2.519472 30.629684 -12.874420 6.494092 0.780149 2.349067 1.040445 -1.059384 -13.684880 5.407409 -3.320858 -1.700693 1.482034
3.680000 30.290525 7.568204 -9.086829 34.706284 -46.879417 -8.404042 -30.552261 13.510221 -5.077146 9.023837 -7.623847 -0.855053 25.302404 3.443924 -4.124321 2.508521 -2.098864 -1.231604 0.678627 -6.708339 6.142840 -3.689112 -1.559575 0.860286
3.700000 15.367819 2.969401 10.249905 27.822285 -47.964527 -9.383109 0.521560 -7.462487 5.584551 -13.140452 14.657323 -0.171643 13.426365 2.394494 -10.168530 2.280910 -3.549622 -0.803027 2.051385 18.239529 -7.720432 2.038021 0.662410 -1.544808
3.720000 28.643709 3.444412 -0.084185 13.778020 -36.009903 -0.991814 -2.955195 -5.930646 -11.824954 -16.397249 11.055863 0.035958 7.547095 -17.052307 -7.983544 1.445161 -3.949556 -0.593693 0.512337 12.633878 -10.226239 8.361678 1.139479 -0.626592
3.740000 29.145359 2.016933 -1.261875 11.695619 -35.410542 -3.852052 2.691788 -1.923210 -9.194071 -2.043325 -1.662088 -2.791218 7.953059 -7.447738 -3.063420 2.758726 -2.601531 -0.732249 -0.201289 9.394117 -7.109539 7.869045 -0.740075 0.548604
3.760000 22.746689 3.507849 9.386365 9.615485 -33.257568 -9.679449 7.522424 2.438432 11.731291 -9.659083 10.909484 0.690385 12.220084 -12.995320 1.887328 1.280073 -0.289812 0.182361 0.508251 6.231548 -4.728449 5.022878 -0.438072 0.932899
3.780000 35.725193 2.006054 -2.373877 10.982147 -30.561947 -4.264014 2.092369 -0.892742 -5.117990 -2.416290 0.432246 1.008111 12.247144 -10.718871 3.899593 2.357086 -2.127799 -1.150515 1.146538 1.155626 -1.310689 5.057529 -1.367519 0.711951
3.800000 20.509048 0.924057 0.230962 15.011451 -40.004177 -6.158625 1.664714 0.728676 5.021753 0.598377 0.106632 0.622395 6.891263 -2.877852 -0.024589 1.736089 -2.407487 0.574334 -0.659830 0.674520 -3.939534 4.385774 0.305912 -0.853860
3.820000 28.861650 3.763143 1.504697 12.660792 -34.517384 -3.190905 -3.140730 -1.798468 2.189637 -3.815227 -0.496497 0.698073 8.521964 -10.943372 -1.751732 1.659551 -1.782175 -0.086852 1.400651 -0.654029 -2.388559 2.417660 0.989823 -0.412170
3.840000 5.934865 -14.113203 4.539978 23.497723 -33.405788 -7.677776 -5.159581 -4.274033 4.749324 0.611796 -0.770365 0.297852 8.061148 -11.307358 -0.090268 1.523448 -2.817034 -0.149160 0.265076 2.284127 -1.884841 4.523279 -2.129911 2.132616
3.860000 2.622205 4.985458 -0.741559 9.559520 -19.891464 -1.675255 2.976847 2.615731 3.570665 -0.289536 -1.860859 -0.120506 5.047288 -8.849961 -0.400774 0.423549 0.155775 -1.153855 0.597637 -3.012785 -3.389267 4.503603 2.885212 -1.332552
3.880000 -16.332504 -4.033800 2.107254 15.954313 -16.415770 -4.744699 -0.153926 5.221080 -10.633039 10.902864 -9.132663 0.626480 9.035831 -11.731661 2.594402 0.888728 -1.796504 -0.488471 0.889846 -1.023393 -1.433875 3.114404 -0.696385 0.011744
3.900000 -12.263130 -0.139670 -3.417583 -0.041437 2.313899 -3.184942 0.188862 0.200641 -8.896291 7.588341 -7.308113 -0.466770 -3.610749 -7.394714 1.352724 2.062598 -1.538545 1.355896 -0.883952 -2.955267 -0.226795 1.025845 1.618505 -1.582610
3.920000 -3.846975 11.271647 -2.813290 -15.205583 17.157551 2.855438 -12.428431 2.821631 -11.550611 5.263184 -3.458787 -0.394914 -11.169167 1.845638 0.037694 2.477381 -1.542534 0.319505 -0.528148 -1.233089 1.133365 -1.366967 0.388828 -0.382480
3.940000 11.974056 11.572568 -6.785834 -3.021419 8.833523 0.976789 -3.565745 0.375677 -13.125107 6.465873 -0.421884 -0.439630 -5.938715 5.887497 3.075186 1.017707 -1.290744 1.168562 -0.260582 3.043773 1.421619 -2.266846 -1.017049 1.202144
3.960000 7.497007 17.028515 -9.506800 7.122787 -4.834493 0.000746 0.985959 1.987316 -9.152431 1.507581 2.452577 0.160326 -1.839664 5.267342 0.816512 0.757348 0.152351 0.376298 -0.637202 3.472092 0.245835 -1.174098 0.221257 0.418241
3.980000 0.468435 16.993792 -9.444650 14.930614 -16.211006 0.143661 1.716800 1.938571 -8.540815 1.316236 0.052917 0.002168 3.870286 0.976750 -1.593619 -0.338073 -0.044600 0.054731 0.806651 -0.254895 0.227407 -0.019224 -0.404002 -0.198440
4.000000 -7.597062 5.911617 -2.505581 10.242022 -16.590508 -0.299530 -5.995227 0.852414 -8.937509 -1.839937 1.137885 0.361213 8.301896 -6.391245 -3.565768 0.582979 0.345915 -0.705926 0.141926 -4.690945 -1.234016 1.701374 -0.151439 0.127368
4.020000 -16.434767 -1.317712 -2.725972 -5.453097 2.401239 -0.646367 3.316329 -2.267161 -8.108774 -1.588845 -0.479226 0.203951 2.583329 -4.390470 -2.269400 0.321610 -1.344883 -0.440409 1.060386 -5.067225 -0.131241 1.688719 -0.585541 -0.247250
4.040000 -21.891218 -4.478142 -1.190719 0.122086 8.076769 -0.316513 8.983029 -1.404566 -10.478774 -0.411981 0.237129 -0.383667 -2.345430 -0.725019 -0.155674 -0.056764 -0.637371 0.061015 -0.690153 -1.021291 0.452011 0.353208 0.163931 -0.492063
4.060000 2.159622 3.275366 -7.631941 -13.949995 -14.581549 -1.194437 9.707583 -0.474614 -6.357447 3.995874 -1.376980 -0.426835 -4.393506 -0.147861 1.861205 -0.120520 0.123762 0.553957 0.440940 -0.452934 -0.549022 -0.043169 0.536285 -0.749022
4.080000 19.752329 10.561783 -10.120295 -7.672920 -29.267540 -2.963531 10.201988 2.885634 -4.508501 3.131798 -0.096710 -0.729993 4.770619 -8.529335 0.855942 -1.310499 1.694888 -0.635896 0.481460 1.194811 -2.867856 2.465931 -0.695373 0.952743
4.100000 18.420687 18.785988 -13.147242 -3.481462 -28.535572 -3.437042 3.169396 4.932620 -3.287904 -6.218828 6.043326 -0.747504 6.732037 -9.104753 0.036472 -0.544710 0.940787 -1.074143 0.992369 -0.923454 -2.995415 2.744106 -0.087037 -0.640070
4.120000 10.385851 23.600883 -13.094131 4.704208 -30.277794 -3.846335 -10.918464 3.338372 -1.288057 -15.168649 12.118300 -1.022819 7.560548 -6.705333 -0.277626 0.153483 0.175564 0.347288 -0.131165 -1.382967 -2.093023 3.144510 0.338985 0.081211
4.140000 5.156975 21.184351 -11.215113 6.372454 -34.084320 -4.228795 -4.188216 0.863968 0.561128 -17.563353 10.842438 -0.225076 4.452278 -6.616614 0.109524 2.364315 -1.627063 -0.074772 -0.558080 -1.536147 -2.432328 2.875748 -0.099500 -0.366432
4.160000 -4.808733 14.856858 -8.575128 9.390023 -33.614281 -5.136102 6.541177 -1.814699 2.909805 -12.276162 7.856076 0.203131 3.457141 -6.289412 1.127643 2.552109 -3.452873 0.671114 -0.519540 -0.251890 -2.727628 3.199293 0.654705 -0.833606
4.180000 -6.752392 13.865569 -7.017610 8.982277 -32.936459 -5.539878 6.771762 -0.208571 5.044094 -4.803020 3.612916 -0.163586 2.171462 -6.947997 -0.614696 2.654191 -3.524321 1.106520 -0.949552 -1.061054 -3.149510 3.348090 0.395066 -0.481733
4.200000 -3.885965 8.812849 -4.163430 7.446125 -30.132347 -4.217811 4.633139 -2.015090 -0.605791 2.963561 -2.379088 -0.297108 3.495205 -10.147065 -0.595423 2.669585 -2.683839 -0.076920 0.012979 -2.438239 -1.795831 3.284235 -0.455185 0.280940
4.220000 -8.194848 5.961603 -1.847699 7.761185 -20.919662 -2.651363 7.123024 -0.139699 -0.779612 3.287959 0.342568 0.129584 5.036446 -12.739664 0.498948 1.562160 -0.687489 -0.537233 0.499667 -4.419624 -1.451559 1.271604 -0.104591 0.488702
4.240000 -16.946074 3.866452 0.472298 10.647696 -16.563635 -2.292856 11.213427 1.321813 -1.411680 1.815010 1.445518 2.704753 2.048181 -9.358191 1.681260 1.144336 -1.221975 -0.972783 1.069248 -4.048206 -1.095033 1.568668 -0.621321 0.464292
4.260000 -11.203829 3.576597 -1.038129 8.099211 -16.555914 -1.663077 4.246762 1.342505 -2.009727 0.124054 2.570179 1.237039 0.269543 -7.218044 1.694452 0.863396 -1.090181 0.146777 0.218096 -4.649583 -1.505689 2.516126 -0.081928 0.208330
4.280000 -7.121243 2.799742 -1.338544 2.243443 -17.786404 -0.912359 -1.677457 0.502742 -2.337200 -0.648146 2.167195 0.760389 3.198840 -7.742586 0.853445 0.349646 -0.941371 -0.142802 0.163493 -4.549349 -2.069753 3.148621 -0.441379 0.254029
4.300000 -1.461862 3.463331 -1.492104 -3.677187 -16.785883 -0.281217 -1.880782 -0.550028 -0.486610 0.763298 0.508731 0.218498 5.367442 -7.370297 -0.368463 0.742622 -0.771137 -0.097569 -0.262824 -2.895743 -2.118257 2.554236 -0.005453 -0.194119
4.320000 -0.019501 2.536577 0.061007 -9.106304 -18.196539 0.209593 0.970922 -0.955556 1.506852 1.548832 -1.976290 0.359974 4.834572 -5.870973 -1.222343 1.750231 -1.938314 0.267304 -0.237712 -1.661160 -1.797524 1.986200 0.197613 -0.146692
4.340000 0.783601 -1.112295 3.360207 -14.620543 -18.637783 1.200333 5.118298 -1.356776 -0.004131 1.272574 -4.476753 0.942308 3.819136 -4.285192 -0.677320 2.330813 -2.941465 -0.070990 0.013186 -1.313861 -1.245067 1.580180 0.001242 -0.159626
4.360000 -0.943566 -6.661341 6.800288 -18.637758 -16.552641 2.106593 11.736476 -1.791919 -3.140758 -0.414327 -7.832884 0.965217 3.984967 -4.191903 -0.521277 2.666850 -2.994768 0.079568 -0.051214 -0.864405 -1.514661 1.649135 -0.363858 0.305221
4.380000 -7.782581 -10.044471 7.875091 -19.943201 -11.472166 2.639642 16.237474 -2.684960 -4.644729 -4.209113 -10.280180 0.325356 4.603691 -1.885051 -1.273153 2.299412 -2.491174 -0.209328 0.035379 -0.502559 -1.532806 1.675312 -0.346398 0.362386
4.400000 -11.558192 -10.666520 7.354747 -12.330416 -7.924747 1.224013 20.748278 -3.303204 -4.941302 -6.660979 -13.011615 0.351494 3.077404 0.016236 -1.455949 1.512833 -1.901551 -0.100694 -0.084173 0.542671 -1.029865 1.457620 -0.297085 0.113972
4.420000 -18.427647 -9.409698 7.267630 0.257264 -1.355859 0.444716 25.124039 -3.026823 -5.730265 -8.185452 -16.883902 0.987481 -0.336455 0.431026 -1.549637 1.093547 -1.435688 0.096257 -0.172236 0.508174 -0.939059 1.283240 -0.557081 0.337317
4.440000 -16.565298 -9.293643 7.917457 3.681007 2.310437 -0.723527 25.261724 -3.040321 -5.978909 -6.921967 -19.806278 2.031058 -0.589462 -1.062929 -1.004068 1.393437 -1.626513 0.208905 0.107515 -0.551553 -0.611160 0.821478 0.174553 -0.318101
4.460000 -12.813308 -7.336335 4.047821 2.728286 -1.129937 -0.791411 18.684113 -1.545966 -5.343203 -3.384864 -19.786930 2.257543 0.498283 -0.218046 -0.799028 1.999733 -2.581282 -0.123080 0.043485 -0.183808 -0.837352 1.218253 -0.164435 0.099490
4.480000 -8.989298 -5.224337 0.960897 4.170454 -5.302220 -1.046248 13.458470 1.216517 -4.923541 -0.144551 -15.645485 1.973438 2.113772 0.875347 -1.147790 2.850557 -3.335124 0.072002 0.035317 1.071497 -1.395033 1.398529 -0.290975 0.331823
4.500000 -7.431468 -2.681283 0.237745 3.231443 -6.780184 -1.440409 8.872447 2.779254 -4.389391 2.588866 -9.639984 1.835971 1.705950 1.479267 -1.348113 3.177992 -3.782764 0.285721 -0.191739 1.401429 -1.698738 1.424744 -0.139594 0.197337
4.520000 -6.205543 -1.380230 -0.145654 -3.480746 -2.881016 -0.864124 4.339758 1.282240 -3.229208 4.519893 -5.132418 1.865960 -0.390416 1.369505 -1.074188 3.024816 -3.984486 0.305800 -0.064533 0.469783 -1.050206 1.488073 0.163020 -0.143417
4.540000 -8.325121 0.954328 5.867161 -7.183733 -11.225157 0.626278 1.747434 -2.188720 -3.004227 3.954467 -3.603231 1.580965 -2.480601 1.259851 -1.047499 2.172061 -2.605343 0.448757 -0.389403 -0.741204 -1.129572 1.819330 0.340209 -0.157388
4.560000 -4.597772 -4.190361 3.978738 -5.574696 -9.868731 -0.450762 5.136214 -3.287387 -4.913929 5.888671 -6.850905 1.823851 -0.500299 -2.274456 -0.205386 1.361001 -1.882136 0.104830 -0.177142 -0.998680 -1.415132 1.983979 -0.118214 -0.197364
4.580000 -9.409658 -3.996945 3.019988 -1.894291 -7.796382 -0.824263 8.957100 -4.435308 -2.923808 6.483441 -8.896637 1.788080 1.099419 0.071863 0.204762 0.785262 -1.253111 0.083407 0.003242 -0.092411 -1.928333 2.103383 0.021791 -0.091738
4.600000 -8.621456 -4.340146 4.160896 0.327619 -6.674895 -0.716411 8.627622 -4.690202 -2.742846 5.560660 -10.453071 2.224404 1.956779 1.946593 -0.138434 1.405268 -1.453750 0.097871 -0.150761 0.270578 -1.342906 1.812826 -0.093870 -0.102484
4.620000 -12.561025 -4.763340 5.029478 1.337107 -5.953551 -0.531832 12.928533 -5.066883 -4.216822 5.710430 -12.131802 2.542844 0.400140 2.447042 -0.677178 1.964145 -1.544042 -0.382046 0.221771 0.511823 -1.380316 1.318028 -0.121451 0.226299
4.640000 -11.249655 -6.252490 6.847561 2.026799 -3.834075 -0.418413 14.385002 -5.228987 -5.043509 6.469882 -12.058102 2.793469 0.243700 0.247997 -0.177410 1.874057 -1.740940 -0.574153 0.390734 0.834860 -1.454647 1.460464 0.142671 -0.121246
4.660000 -11.082592 -5.494279 6.739432 3.623629 -4.483330 -0.672544 12.109954 -5.139663 -4.504161 5.925254 -9.899941 2.372715 -0.612610 1.752360 -0.300298 2.046116 -2.353344 0.134684 0.201741 0.931694 -1.314867 1.038435 -0.062200 -0.130207
4.680000 -8.027606 -3.926672 7.126998 4.488546 -4.018432 -0.425065 8.166853 -4.288074 -4.264518 8.130666 -10.588981 2.480238 0.521968 -1.081599 -0.159675 2.083708 -2.382225 -0.002604 -0.141208 0.396515 -1.093045 1.363866 -0.047551 -0.075475
4.700000 -10.274355 -5.111196 8.197421 4.304824 -2.858610 -0.422974 9.129770 -3.773276 -4.291163 8.485749 -10.599025 2.305466 1.951045 -1.616511 -0.344593 1.841252 -2.123513 0.262258 -0.115332 -0.135570 -0.882309 0.938487 -0.229120 0.081867
4.720000 -11.936049 -7.202046 6.502329 3.196322 -0.679159 0.223424 7.804349 -4.737560 -4.624512 10.423036 -10.918868 2.908824 1.760580 -1.478552 0.049350 2.011315 -1.988896 -0.307027 0.039944 -0.420017 -0.997122 0.867167 -0.120820 0.374139
4.740000 -13.525315 -8.099194 4.875241 2.964576 -1.109624 -0.248647 9.493406 -3.608406 -4.774656 10.746149 -9.612005 2.880409 1.045565 0.750941 -0.289912 1.981541 -2.361192 0.197666 -0.020257 -0.068446 -1.014203 0.984842 -0.033326 -0.135868
4.760000 -14.378984 -7.485709 2.817366 3.952525 -2.672497 0.162071 10.616406 -1.515936 -5.267759 9.758703 -8.195482 2.512650 1.368917 1.913212 -0.436981 2.144193 -2.598759 0.025357 -0.185886 0.175235 -0.800028 0.647008 -0.020523 -0.008842
4.780000 -14.587940 -6.363655 2.121488 4.054413 -3.486629 0.233314 11.801521 -0.516545 -5.088563 8.418115 -7.570508 2.350427 0.766480 2.187665 -0.584973 1.938697 -2.449020 0.173290 -0.105308 0.505129 -0.790280 0.874904 -0.153410 0.186195
4.800000 -14.115602 -6.387527 2.119932 3.633299 -3.556164 0.393062 11.865687 -0.586881 -5.601362 8.179535 -8.436043 2.493088 1.065261 0.465350 -0.263765 1.659356 -2.216800 -0.030358 -0.003844 0.442369 -0.850963 1.161801 -0.183578 0.104031
4.820000 -15.190907 -7.069653 2.473041 3.458758 -3.775540 0.454900 11.661972 -0.684762 -5.543678 8.087733 -8.354568 2.672112 1.240630 0.013646 -0.235244 1.635801 -2.098278 -0.048551 0.009083 0.378122 -1.014583 1.290443 -0.184870 0.142061
4.840000 -13.890301 -7.637115 3.032230 2.953696 -4.062107 0.254601 11.678720 -0.302692 -5.612352 8.199475 -8.760631 2.798631 1.930759 -1.206750 -0.115636 1.919877 -2.201274 -0.020248 0.015192 0.220645 -1.292309 1.321867 0.002721 -0.091985
4.860000 -13.573064 -8.241534 3.416040 3.084991 -4.847856 0.131838 12.202331 0.243403 -5.342752 8.766214 -9.214588 2.895479 1.616613 -0.699685 -0.155073 2.114861 -2.410502 0.071841 -0.087887 0.250256 -1.315474 1.467005 -0.027474 0.074031
4.880000 -12.651306 -8.117378 3.211147 2.637401 -4.615821 0.003728 12.215075 0.583553 -5.342280 9.602581 -9.715656 2.962086 1.066056 -0.846988 -0.069041 2.388247 -2.517181 0.011519 -0.083654 -0.049408 -1.416085 1.578511 0.028180 0.098760
4.900000 -12.667600 -8.098036 3.181532 3.041379 -4.512856 -0.123803 11.701615 1.108638 -5.306361 10.617792 -9.269497 2.999208 0.492506 -0.207424 -0.116036 2.359623 -2.592910 0.088509 -0.094094 -0.275650 -1.499796 1.635994 -0.052235 0.082689
4.920000 -11.012060 -7.530357 3.062186 2.233733 -3.070899 -0.092000 10.643028 1.313140 -5.258099 12.200167 -9.481079 3.060284 -0.490565 0.131668 -0.061563 2.393927 -2.489959 0.004141 -0.061445 -0.541886 -1.574586 1.570894 -0.075467 0.064978
4.940000 -11.197725 -7.481372 3.261158 1.822160 -1.773304 -0.087635 10.257986 1.613731 -5.076295 13.459482 -9.295511 3.010067 -0.608199 0.115047 0.159913 2.219889 -2.287469 0.099804 -0.104156 -0.472072 -1.420256 1.530117 -0.079986 0.126923
4.960000 -11.413124 -8.283575 3.931807 1.823795 -0.728336 -0.156872 8.554988 1.560928 -4.802636 14.830292 -8.806929 3.032030 -0.954702 -0.102197 0.517953 2.050742 -2.228663 0.151840 -0.119663 -0.440802 -1.331401 1.419896 -0.097663 0.156761
4.980000 -11.348042 -8.724781 4.346126 2.518177 -0.607202 -0.259285 7.735573 1.442759 -4.714380 14.984606 -7.696222 2.978848 -0.843188 -0.551805 0.655344 1.884493 -2.203089 0.116032 -0.130304 -0.575382 -1.284500 1.386991 -0.060513 0.150131
5.000000 -10.975853 -7.829171 4.052526 3.289136 -0.802055 -0.321874 7.839824 1.286566 -4.445820 14.188440 -6.596627 2.802619 -0.059434 -1.394120 0.597614 1.755868 -2.122981 0.161763 -0.090253 -0.685424 -1.142215 1.381865 -0.088783 0.091715
5.020000 -11.061386 -6.881298 3.725784 4.437684 -1.538345 -0.253869 7.831750 1.108205 -3.796479 13.244755 -5.529468 2.631758 0.607412 -1.364437 0.633400 1.659113 -2.125507 0.149936 -0.120422 -0.596957 -1.067372 1.435766 -0.097855 0.120770
5.040000 -10.103096 -6.632437 3.554849 5.009957 -2.017323 -0.409485 5.989966 0.712105 -3.182415 14.236656 -5.669103 2.657185 0.600856 -1.335366 0.510575 1.742638 -2.179178 0.079764 -0.040212 -0.562290 -1.177649 1.565516 -0.056752 0.005440
5.060000 -9.190102 -6.568316 3.499633 5.166594 -2.202166 -0.627196 3.772512 0.651383 -3.080343 15.481565 -5.637558 2.648644 0.724805 -0.914435 0.311595 1.844555 -2.241099 0.041658 -0.053391 -0.558671 -1.359370 1.701367 -0.027376 0.035568
5.080000 -7.349359 -6.263317 3.359991 4.763192 -2.017189 -0.753510 1.211140 0.772743 -3.008817 16.348824 -5.354552 2.557188 0.690253 -0.417548 0.042145 1.960847 -2.270851 0.089803 -0.082570 -0.552249 -1.534571 1.805268 -0.062795 0.091547
5.100000 -6.307165 -6.073914 3.231561 4.667676 -2.084005 -0.898222 -0.944871 1.002036 -2.995485 17.124653 -5.153154 2.500823 0.807078 -0.307512 -0.137997 1.912558 -2.151936 0.126160 -0.103934 -0.322335 -1.649995 1.912753 -0.046474 0.101163
5.120000 -5.799417 -5.861849 3.126117 4.684474 -2.034653 -1.060535 -1.204285 1.225799 -2.863256 17.202749 -4.636539 2.405629 1.329609 -0.768358 -0.172424 1.796414 -2.011084 0.096513 -0.071627 -0.109084 -1.710550 1.903428 -0.033729 0.042405
5.140000 -5.430137 -5.606358 3.021739 4.777668 -2.137563 -1.151635 -1.008401 1.424263 -2.745301 16.559855 -3.914867 2.336498 2.054271 -1.500215 -0.143851 1.709231 -1.906287 0.013475 -0.016601 -0.039413 -1.654422 1.833045 -0.017785 0.040143
5.160000 -4.786436 -5.238178 2.847274 4.941678 -2.423931 -1.178689 -0.779155 1.504445 -2.563436 15.825714 -3.546097 2.274371 2.652962 -2.303172 -0.086167 1.600765 -1.789217 -0.043658 0.044420 -0.059068 -1.548772 1.708114 -0.031971 0.015473
5.180000 -4.924009 -4.901039 2.567009 5.554650 -2.878703 -1.200920 -0.062964 1.416379 -2.417300 14.741307 -2.916730 2.133548 3.086914 -2.991641 0.032520 1.474186 -1.725405 -0.086533 0.060905 -0.119897 -1.411600 1.584344 0.012277 0.034180
5.200000 -5.720805 -4.202903 2.058954 6.513182 -3.465942 -1.301579 0.235184 1.237276 -2.083113 13.321949 -1.996068 1.946345 3.579084 -3.600787 0.098199 1.413415 -1.649427 -0.065417 0.043943 -0.178654 -1.404612 1.584056 -0.016155 0.044794
5.220000 -6.571394 -3.673026 1.710015 7.492690 -4.291775 -1.368513 0.580045 1.000773 -1.798175 12.112398 -1.338345 1.749536 4.045959 -3.927703 0.110901 1.417256 -1.614561 -0.059790 0.050901 -0.123366 -1.484709 1.645246 -0.007744 0.025073
5.240000 -6.458539 -3.662138 1.527223 7.963854 -4.944210 -1.442838 0.543675 0.713839 -1.701037 12.027144 -1.468916 1.647644 4.238250 -4.165041 0.082971 1.493810 -1.755625 -0.073168 0.097367 -0.065326 -1.505811 1.725096 0.054625 -0.068590
5.260000 -6.012484 -3.712687 1.538354 7.981009 -5.305347 -1.549902 0.082636 0.672990 -1.588239 12.355236 -1.680020 1.653138 4.394815 -4.145221 -0.077771 1.584200 -1.921421 -0.088078 0.100524 -0.072452 -1.531408 1.811230 0.055567 -0.043438
5.280000 -5.274900 -3.424208 1.574401 7.665011 -5.584338 -1.662972 -1.211589 0.951932 -1.646891 12.472843 -1.841646 1.652184 4.436964 -4.096699 -0.211504 1.668226 -2.068820 -0.093567 0.095052 -0.213553 -1.564727 1.842657 0.019691 0.004471
5.300000 -4.879847 -2.950185 1.475399 7.371738 -5.885221 -1.776051 -2.718938 1.197817 -1.764740 12.270971 -1.822551 1.630384 4.397863 -4.079585 -0.268454 1.702177 -2.094686 -0.073581 0.060973 -0.298974 -1.617238 1.881436 -0.030989 0.078988
5.320000 -4.758581 -2.385063 1.124123 7.086758 -5.777813 -1.837561 -3.027995 1.276400 -1.802427 11.723310 -1.546810 1.542653 4.520190 -4.427829 -0.192717 1.666131 -2.008983 -0.060741 0.042649 -0.365113 -1.736173 1.937276 -0.018769 0.079663
5.340000 -5.052833 -2.198063 0.901239 6.928514 -5.761022 -1.859939 -2.532414 1.310773 -1.524467 11.492413 -1.640331 1.487138 4.617067 -4.677732 -0.048577 1.629579 -1.909867 -0.058284 0.052514 -0.363279 -1.772532 1.961042 -0.021756 0.026677
5.360000 -4.993218 -2.358474 0.943200 6.703325 -5.910786 -1.848393 -1.955493 1.325142 -1.312256 11.456436 -1.981512 1.526681 4.442202 -4.601766 0.021104 1.597169 -1.828360 -0.105021 0.074602 -0.336955 -1.691758 1.860474 -0.016539 0.010489
5.380000 -5.206991 -2.763265 1.053645 6.669547 -6.202896 -1.862286 -1.837950 1.325806 -1.478092 11.126593 -1.998503 1.591872 4.164763 -4.589873 0.034597 1.541816 -1.794922 -0.106577 0.083328 -0.411862 -1.567576 1.776804 0.041105 0.031644
5.400000 -5.747148 -2.755727 1.057797 6.665240 -6.322106 -1.944281 -1.185969 1.332946 -1.489769 10.224506 -1.660445 1.605398 4.117581 -4.673540 0.057039 1.516685 -1.803183 -0.083128 0.063118 -0.436023 -1.563600 1.743326 0.009616 0.013487
5.420000 -6.031738 -2.473501 1.046722 6.227382 -6.130380 -1.986804 -0.160213 1.227532 -1.359218 9.405585 -1.599941 1.606224 4.342087 -4.689126 0.128903 1.537440 -1.809035 -0.083908 0.066477 -0.338472 -1.540563 1.755706 -0.011445 0.004476
5.440000 -5.876680 -2.425505 1.003269 5.745541 -6.100196 -1.977682 0.189411 0.997399 -1.374784 8.720642 -1.723520 1.648436 4.405520 -4.664809 0.177450 1.538164 -1.770180 -0.103418 0.067460 -0.262531 -1.522652 1.808043 -0.001346 -0.001868
5.460000 -5.813097 -2.599856 1.008837 5.374177 -6.144086 -1.953059 0.345054 0.784626 -1.474702 8.016423 -1.694710 1.656114 4.241484 -4.417828 0.165617 1.530074 -1.780399 -0.073763 0.038983 -0.234260 -1.556071 1.834638 0.003710 0.006805
5.480000 -5.781426 -2.651390 1.022795 4.937229 -6.073860 -1.942520 0.546003 0.662231 -1.388133 7.546783 -1.776948 1.693184 4.017541 -4.120297 0.138122 1.544566 -1.796065 -0.051406 0.022531 -0.160259 -1.580927 1.840708 -0.010194 0.007581
5.500000 -5.865161 -2.575429 1.029894 4.790667 -6.159429 -1.944102 1.399501 0.549666 -1.056235 7.071422 -1.955750 1.765001 3.886633 -3.768897 0.192301 1.556645 -1.784210 -0.049091 0.014980 -0.008560 -1.599536 1.830547 0.000355 -0.002622
5.520000 -6.140117 -2.697995 1.015566 4.742753 -6.202245 -1.923727 2.410294 0.396681 -0.914687 6.714361 -2.303032 1.854399 3.505602 -3.518483 0.218848 1.577220 -1.810741 -0.066462 0.050221 0.019065 -1.630273 1.877720 0.023660 0.002597
5.540000 -7.074968 -2.780337 0.958565 4.595890 -6.007382 -1.869185 2.922800 0.379860 -1.220587 5.939253 -2.219920 1.897669 3.085457 -3.278893 0.159658 1.598109 -1.893515 -0.050065 0.042056 -0.081329 -1.685503 1.946035 0.007532 0.021998
5.560000 -7.423658 -2.592041 0.848040 4.222699 -5.643521 -1.781864 3.349338 0.455573 -1.597600 5.108481 -2.035511 1.903332 2.851589 -3.068724 0.157115 1.624120 -1.987307 -0.024013 0.019466 -0.123733 -1.683563 1.986438 -0.000185 0.011192
5.580000 -7.535446 -2.631001 0.827412 4.073746 -5.585084 -1.712209 3.873956 0.485976 -1.623774 5.072069 -2.560577 1.954599 2.712969 -2.926637 0.207185 1.604001 -1.957642 -0.024735 0.035010 -0.037847 -1.674596 1.988395 0.010995 -0.023400
5.600000 -7.879362 -2.988932 0.992273 4.007792 -5.639793 -1.642146 4.769655 0.523798 -1.481403 5.220121 -3.464394 2.074535 2.445027 -2.644142 0.184662 1.599506 -1.902446 -0.074173 0.069614 -0.030504 -1.672193 1.966842 0.015185 -0.017699
5.620000 -8.289836 -3.353556 1.166525 3.773198 -5.563481 -1.555787 5.190758 0.639241 -1.617597 5.046237 -4.213018 2.209261 1.912100 -2.218886 0.059240 1.622990 -1.913331 -0.095568 0.082003 -0.234938 -1.654608 1.985613 0.032418 -0.006320
5.640000 -8.776354 -3.400784 1.184870 3.504216 -5.490801 -1.464468 4.722443 0.846822 -2.068594 4.456030 -4.533100 2.249434 1.492547 -1.932749 -0.013493 1.636461 -1.941870 -0.060517 0.033454 -0.450884 -1.685053 2.031388 0.014439 0.014932
5.660000 -8.804767 -3.278985 1.149165 3.240179 -5.499838 -1.382672 5.093565 1.021220 -2.474346 3.834417 -4.849483 2.209292 1.438163 -1.933055 0.114698 1.651044 -1.926955 -0.043308 0.000208 -0.447699 -1.749893 2.051465 0.000980 0.011786
5.680000 -8.751986 -2.968033 0.953679 2.955643 -5.495660 -1.308461 5.647992 1.086748 -2.716489 3.392806 -5.573670 2.223266 1.437327 -2.023077 0.223262 1.626202 -1.894466 -0.056970 -0.001085 -0.358243 -1.785198 2.093813 -0.004528 0.005477
5.700000 -9.119550 -2.539341 0.686034 2.761773 -5.505481 -1.188221 6.046413 1.140922 -3.021422 2.549175 -6.165290 2.238419 1.243942 -1.925019 0.215597 1.617721 -1.893721 -0.035333 -0.019563 -0.433613 -1.792367 2.147160 0.010139 0.028200
5.720000 -9.360871 -2.147403 0.448485 2.649103 -5.711695 -1.066446 6.494421 1.250075 -3.461284 1.640539 -6.609010 2.209921 1.169430 -2.076871 0.311957 1.625332 -1.916067 0.019853 -0.064191 -0.510087 -1.775266 2.142110 0.009133 0.014124
5.740000 -8.914307 -1.598630 0.074051 2.481197 -6.128670 -0.988991 7.101622 1.345784 -3.816289 0.724236 -7.023392 2.141416 1.474147 -2.392375 0.521105 1.667748 -1.927257 0.051714 -0.103385 -0.401409 -1.771697 2.084287 -0.027640 0.019816
5.760000 -7.875763 -0.698101 -0.602301 2.124985 -6.513451 -0.928628 8.092010 1.429213 -4.112352 -0.707875 -7.361103 2.091407 1.855701 -2.668216 0.694415 1.731719 -1.936073 0.048486 -0.103094 -0.183399 -1.777906 1.994632 -0.006018 0.005585
5.780000 -7.524576 0.048994 -1.260785 1.830087 -6.861259 -0.898197 8.777551 1.613406 -4.413632 -2.301803 -7.796356 2.078501 2.000494 -2.818335 0.758225 1.742556 -1.942111 0.083750 -0.107360 0.047293 -1.737131 1.904753 0.045465 -0.014531
5.800000 -7.283081 0.259845 -1.560381 1.390598 -6.930239 -0.902977 9.837914 1.795455 -4.583631 -3.618627 -8.323034 2.101529 2.059711 -2.844462 0.904881 1.724199 -1.934459 0.113846 -0.100069 0.325750 -1.577362 1.738635 0.055248 -0.036606
5.820000 -6.734037 0.128364 -1.612916 0.851095 -6.935965 -0.917891 10.577913 1.998152 -4.689185 -4.497816 -8.860264 2.145788 2.155610 -2.717538 1.054973 1.700594 -1.920314 0.119086 -0.082233 0.594646 -1.380389 1.543666 0.030956 -0.040027
5.840000 -6.066476 -0.138051 -1.620329 0.278153 -6.978706 -0.927009 10.827346 2.250632 -4.907733 -5.202108 -9.253931 2.184768 2.142920 -2.388988 1.021400 1.686815 -1.902590 0.109383 -0.051260 0.760791 -1.284935 1.401082 0.006853 -0.012156
5.860000 -5.912972 -0.531409 -1.484622 -0.289308 -6.993163 -0.932685 10.787498 2.501751 -5.073937 -5.688806 -9.543059 2.207869 2.141095 -2.082527 0.866934 1.638471 -1.848720 0.097938 -0.033615 0.867288 -1.261331 1.345807 0.019642 -0.000678
5.880000 -6.051589 -1.003134 -1.233315 -0.918990 -6.917036 -0.931728 10.290683 2.589168 -5.000253 -5.797021 -9.910347 2.258253 2.192165 -1.859019 0.678163 1.575886 -1.789111 0.070982 -0.007559 0.902710 -1.270569 1.376300 0.025484 -0.002643
5.900000 -6.202527 -1.508571 -1.065392 -1.477799 -6.824166 -0.921093 9.724410 2.424007 -4.736304 -5.687223 -10.388422 2.329009 2.147944 -1.620969 0.538349 1.531638 -1.749283 0.025294 0.032461 0.886268 -1.328029 1.441000 0.024039 -0.011042
5.920000 -6.606853 -2.060550 -0.962586 -1.765224 -6.842140 -0.893001 9.195621 2.253297 -4.511024 -5.474533 -10.855721 2.392484 2.047990 -1.466112 0.435575 1.507046 -1.766073 -0.005395 0.056207 0.826204 -1.419639 1.538762 0.025717 -0.028738
5.940000 -7.132983 -2.607149 -0.843180 -1.744676 -7.053625 -0.862865 8.992228 2.217548 -4.367421 -5.302808 -11.150596 2.425628 2.047107 -1.297887 0.345486 1.522264 -1.830902 -0.008114 0.046286 0.710669 -1.493473 1.629640 0.036775 -0.044235
5.960000 -7.739648 -3.009168 -0.735391 -1.563135 -7.360485 -0.835984 8.722987 2.256046 -4.142997 -5.089137 -11.413363 2.443256 2.081209 -1.239542 0.234798 1.559004 -1.883930 -0.013132 0.035814 0.584062 -1.567834 1.723694 0.049570 -0.062219
5.980000 -8.358821 -3.404079 -0.588748 -1.361982 -7.616543 -0.801965 8.822491 2.249902 -3.906667 -4.888246 -11.664963 2.460372 2.088294 -1.309731 0.203137 1.598245 -1.912705 -0.033965 0.044204 0.484354 -1.639302 1.811552 0.054150 -0.057847
6.000000 -9.072448 -3.853132 -0.399125 -1.124936 -7.716300 -0.756062 9.023963 2.233964 -3.820170 -4.661144 -11.899536 2.470035 2.040011 -1.461673 0.247090 1.633886 -1.938582 -0.044377 0.045023 0.402038 -1.679555 1.882522 0.045435 -0.050436
6.020000 -9.800290 -4.271079 -0.162236 -0.870211 -7.682337 -0.710550 9.116096 2.275284 -3.930660 -4.450692 -12.136957 2.484967 1.960001 -1.611803 0.290615 1.662424 -1.966953 -0.038513 0.035233 0.293314 -1.697836 1.931642 0.038282 -0.040232
6.040000 -10.435563 -4.535546 0.069552 -0.668463 -7.615548 -0.653634 9.111871 2.364801 -4.119260 -4.303802 -12.455388 2.489292 1.880952 -1.740373 0.309394 1.674820 -1.980685 -0.029973 0.021243 0.160824 -1.706574 1.965381 0.027328 -0.032180
6.060000 -10.824126 -4.672858 0.276429 -0.615542 -7.536370 -0.589732 9.255630 2.460153 -4.322729 -4.257688 -12.838308 2.497297 1.813202 -1.890075 0.334104 1.681981 -1.992105 -0.020202 0.014065 0.030607 -1.717313 1.999042 0.014280 -0.018526
6.080000 -10.967492 -4.760472 0.461527 -0.680306 -7.423499 -0.526790 9.580727 2.517697 -4.532065 -4.304543 -13.221846 2.518545 1.789273 -2.048488 0.385069 1.699527 -2.004164 -0.009456 0.006793 -0.066106 -1.716329 2.011440 0.001675 -0.008866
6.100000 -11.030331 -4.840310 0.642802 -0.744678 -7.347734 -0.462716 10.019578 2.543415 -4.737521 -4.427307 -13.529284 2.542046 1.766524 -2.160193 0.448004 1.731538 -2.026412 0.003062 -0.005981 -0.124434 -1.687404 1.987295 -0.002234 -0.004902
6.120000 -11.090754 -4.886373 0.799584 -0.800931 -7.316457 -0.402601 10.398457 2.565908 -4.932959 -4.599602 -13.748381 2.548495 1.731515 -2.222113 0.503285 1.763737 -2.047401 0.017610 -0.023657 -0.155712 -1.644021 1.934553 -0.004209 0.000289
6.140000 -11.166286 -4.879262 0.906975 -0.837570 -7.305889 -0.352899 10.704700 2.589503 -5.118280 -4.780371 -13.876738 2.549883 1.685492 -2.270499 0.557704 1.779641 -2.057464 0.033659 -0.038658 -0.160543 -1.611599 1.889754 -0.006306 0.006801
6.160000 -11.247501 -4.838651 0.963139 -0.862476 -7.280321 -0.316312 10.976082 2.588676 -5.279702 -4.920463 -13.929720 2.550044 1.649215 -2.301451 0.606239 1.782665 -2.055684 0.050126 -0.049744 -0.144125 -1.596448 1.866414 -0.010198 0.013450
6.180000 -11.325537 -4.778365 0.986043 -0.883988 -7.228110 -0.286192 11.225557 2.555605 -5.415384 -5.023674 -13.923023 2.548783 1.627411 -2.307502 0.631275 1.783085 -2.056059 0.060137 -0.055208 -0.125725 -1.580799 1.851966 -0.011591 0.014135
6.200000 -11.382179 -4.688794 0.984889 -0.889642 -7.172205 -0.259944 11.371948 2.503906 -5.537475 -5.090675 -13.898689 2.546261 1.624452 -2.279054 0.628627 1.782172 -2.056020 0.062252 -0.055744 -0.109640 -1.562969 1.835155 -0.011077 0.010018
6.220000 -11.396837 -4.570132 0.955698 -0.860748 -7.151503 -0.240596 11.409743 2.434735 -5.630028 -5.125390 -13.862127 2.542084 1.633456 -2.216673 0.607666 1.778222 -2.053532 0.060194 -0.052117 -0.086881 -1.553208 1.819061 -0.009856 0.007772
6.240000 -11.368134 -4.433860 0.892473 -0.807313 -7.169560 -0.232269 11.367309 2.345326 -5.674540 -5.115447 -13.788054 2.536646 1.654009 -2.128964 0.575400 1.771299 -2.047555 0.058774 -0.048030 -0.051472 -1.557892 1.811387 -0.008596 0.006643
6.260000 -11.342706 -4.306040 0.805154 -0.731997 -7.218308 -0.234512 11.305679 2.236732 -5.680321 -5.052091 -13.643632 2.527826 1.686136 -2.030305 0.540106 1.764329 -2.041612 0.056039 -0.043854 -0.001310 -1.570579 1.810735 -0.005536 0.005540
6.280000 -11.382318 -4.196409 0.709253 -0.625664 -7.285906 -0.246077 11.230559 2.114292 -5.663955 -4.931103 -13.432215 2.513956 1.724406 -1.936211 0.502198 1.756735 -2.034134 0.050059 -0.038403 0.055477 -1.584968 1.813784 -0.001860 0.003097
6.300000 -11.499697 -4.106581 0.617177 -0.489239 -7.363426 -0.265248 11.138833 1.984572 -5.633755 -4.761618 -13.182432 2.496188 1.764370 -1.861146 0.462971 1.744980 -2.024369 0.040023 -0.029078 0.104615 -1.598475 1.819453 0.002382 0.000091
6.320000 -11.662697 -4.027892 0.529337 -0.333789 -7.445381 -0.290456 11.038899 1.850466 -5.590399 -4.560522 -12.915209 2.475927 1.800411 -1.802608 0.422391 1.727540 -2.010495 0.028258 -0.018066 0.137658 -1.611843 1.830384 0.005229 -0.002897
6.340000 -11.843811 -3.954660 0.448196 -0.173489 -7.534496 -0.319513 10.944060 1.721034 -5.539537 -4.349453 -12.638927 2.454478 1.833395 -1.758930 0.378320 1.707524 -1.994501 0.017345 -0.007253 0.152096 -1.627110 1.846947 0.007075 -0.005498
6.360000 -12.018721 -3.883200 0.377095 -0.019981 -7.630047 -0.351120 10.867591 1.601522 -5.485784 -4.147433 -12.355571 2.432277 1.868855 -1.732571 0.332876 1.689025 -1.978113 0.007526 0.001607 0.150600 -1.643346 1.866876 0.008641 -0.007888
6.380000 -12.178388 -3.814036 0.317429 0.118133 -7.725985 -0.384839 10.809057 1.487333 -5.425878 -3.959870 -12.071590 2.410319 1.907195 -1.728434 0.293966 1.672291 -1.961767 -0.001562 0.009551 0.140845 -1.658489 1.886594 0.010413 -0.010143
6.400000 -12.320498 -3.749544 0.269165 0.239247 -7.821150 -0.421122 10.774538 1.374189 -5.355299 -3.791517 -11.789467 2.389669 1.944382 -1.743762 0.266920 1.656868 -1.945374 -0.009497 0.016320 0.127610 -1.671579 1.904460 0.012217 -0.011814
6.420000 -12.459511 -3.694973 0.233627 0.354917 -7.922357 -0.459059 10.775374 1.266587 -5.278077 -3.642124 -11.504686 2.370096 1.976320 -1.775239 0.252270 1.642697 -1.930132 -0.015363 0.021161 0.112167 -1.682572 1.920627 0.013648 -0.013153
6.440000 -12.607634 -3.650524 0.211202 0.471536 -8.030603 -0.497326 10.810800 1.171129 -5.199668 -3.510594 -11.215423 2.349935 2.003065 -1.821808 0.246603 1.629875 -1.916635 -0.019138 0.023930 0.092270 -1.691652 1.935890 0.014994 -0.014479
6.460000 -12.762757 -3.611182 0.199328 0.583668 -8.139383 -0.534770 10.869269 1.088821 -5.122900 -3.398160 -10.926916 2.329677 2.026363 -1.885789 0.247338 1.618879 -1.904394 -0.021760 0.025687 0.066721 -1.698997 1.950350 0.016272 -0.016240
6.480000 -12.912023 -3.574027 0.195549 0.683781 -8.242447 -0.570735 10.940404 1.015762 -5.047283 -3.304169 -10.647705 2.310173 2.047038 -1.964903 0.254208 1.609431 -1.892946 -0.023625 0.026923 0.037497 -1.704928 1.963800 0.016963 -0.017596
6.500000 -13.045223 -3.538121 0.197090 0.769433 -8.336765 -0.604932 11.013770 0.947515 -4.971473 -3.225979 -10.383165 2.292118 2.065095 -2.051834 0.266062 1.601285 -1.881982 -0.024411 0.027372 0.006946 -1.709186 1.975272 0.016777 -0.018261
6.520000 -13.159634 -3.503719 0.202062 0.844460 -8.423773 -0.637108 11.082139 0.883299 -4.896071 -3.160956 -10.133532 2.275662 2.081334 -2.138308 0.280444 1.594483 -1.871712 -0.023869 0.026713 -0.023096 -1.712430 1.984797 0.016127 -0.018406
6.540000 -13.260142 -3.470992 0.209159 0.914490 -8.506283 -0.667340 11.138271 0.822726 -4.819778 -3.105323 -9.897483 2.260675 2.097307 -2.219795 0.295251 1.588982 -1.862466 -0.022528 0.025275 -0.050729 -1.715937 1.993149 0.015329 -0.018081
6.560000 -13.345873 -3.441184 0.217125 0.979960 -8.583080 -0.695964 11.185503 0.763616 -4.740816 -3.055707 -9.673429 2.247226 2.114451 -2.296327 0.310342 1.584531 -1.854313 -0.021075 0.023874 -0.073968 -1.719872 2.000730 0.014815 -0.017831
6.580000 -13.421523 -3.417652 0.225525 1.044103 -8.653215 -0.723410 11.227006 0.703517 -4.658992 -3.007678 -9.459581 2.235385 2.133279 -2.366227 0.325500 1.580811 -1.847217 -0.019675 0.022590 -0.091093 -1.723472 2.006896 0.014696 -0.017836
6.600000 -13.492049 -3.401989 0.234253 1.110489 -8.715801 -0.749691 11.264465 0.641099 -4.576454 -2.959028 -9.254560 2.224967 2.152824 -2.426741 0.338901 1.577728 -1.841168 -0.018569 0.021566 -0.102497 -1.726038 2.011234 0.014863 -0.017979
6.620000 -13.563715 -3.392369 0.242308 1.181330 -8.770840 -0.774718 11.291310 0.577653 -4.495967 -2.908615 -9.059372 2.215138 2.172648 -2.476494 0.348096 1.574967 -1.836072 -0.017924 0.020929 -0.110018 -1.727832 2.014224 0.015125 -0.018147
6.640000 -13.633433 -3.386406 0.248721 1.254915 -8.817150 -0.798453 11.305836 0.513538 -4.418545 -2.855787 -8.875872 2.206077 2.192512 -2.515005 0.352274 1.572190 -1.831897 -0.017943 0.020954 -0.114582 -1.729642 2.016839 0.015261 -0.018146
6.660000 -13.697026 -3.383329 0.252974 1.328451 -8.853704 -0.820950 11.308824 0.447911 -4.343408 -2.799693 -8.706182 2.198166 2.212330 -2.542212 0.351590 1.569352 -1.828508 -0.018525 0.021579 -0.116248 -1.731850 2.019562 0.015266 -0.017980
6.680000 -13.752328 -3.384067 0.255885 1.401073 -8.880856 -0.842023 11.304990 0.380562 -4.270661 -2.740506 -8.550575 2.191568 2.231811 -2.557889 0.346657 1.566720 -1.826118 -0.019619 0.022710 -0.115171 -1.734141 2.022151 0.015235 -0.017778
6.700000 -13.802223 -3.389073 0.258590 1.474394 -8.900372 -0.861606 11.296492 0.312286 -4.200883 -2.679118 -8.408166 2.186728 2.250483 -2.562129 0.338015 1.564584 -1.824654 -0.021175 0.024099 -0.111683 -1.736258 2.024306 0.015334 -0.017637
6.720000 -13.848910 -3.397948 0.261663 1.549145 -8.913527 -0.879793 11.285600 0.244331 -4.134672 -2.616804 -8.278012 2.183510 2.267543 -2.557288 0.326559 1.562942 -1.823999 -0.023135 0.025773 -0.106384 -1.738392 2.026239 0.015580 -0.017595
6.740000 -13.894837 -3.410378 0.265419 1.625754 -8.920812 -0.896716 11.276210 0.177346 -4.072143 -2.554678 -8.158924 2.181773 2.282480 -2.545563 0.313656 1.561626 -1.823878 -0.025349 0.027609 -0.099740 -1.740717 2.028211 0.015910 -0.017570
6.760000 -13.940948 -3.426046 0.269769 1.703907 -8.921232 -0.912289 11.271979 0.112446 -4.014247 -2.493736 -8.050010 2.184338 2.294487 -2.529696 0.300536 1.560519 -1.824150 -0.027759 0.029603 -0.092325 -1.743131 2.030336 0.016328 -0.017706
6.780000 -13.990785 -3.445108 0.275437 1.784535 -8.914858 -0.926307 11.273267 0.050740 -3.962342 -2.435237 -7.951715 2.190101 2.303518 -2.510809 0.287418 1.559583 -1.824688 -0.029941 0.031352 -0.084864 -1.745263 2.032338 0.016637 -0.017810
6.800000 -14.043005 -3.466439 0.282809 1.865448 -8.901803 -0.938575 11.280315 -0.007253 -3.916839 -2.379365 -7.864940 2.192136 2.309578 -2.490291 0.274472 1.559072 -1.825890 -0.031810 0.032812 -0.078648 -1.746913 2.034108 0.016649 -0.017800
6.820000 -14.095335 -3.488547 0.291719 1.945540 -8.882212 -0.949103 11.293335 -0.060811 -3.877597 -2.326300 -7.789538 2.195178 2.312858 -2.469428 0.262992 1.558881 -1.827260 -0.033911 0.034390 -0.073406 -1.748254 2.035644 0.016691 -0.017673
6.840000 -14.146345 -3.512172 0.302593 2.025046 -8.857250 -0.957746 11.312344 -0.110134 -3.844128 -2.275869 -7.725147 2.200466 2.312824 -2.448510 0.253339 1.558893 -1.828566 -0.035521 0.035653 -0.068325 -1.749387 2.036665 0.016674 -0.017602
6.860000 -14.196301 -3.537267 0.315419 2.102134 -8.827789 -0.964509 11.336289 -0.155188 -3.815259 -2.227571 -7.670947 2.207832 2.309748 -2.428316 0.245534 1.559265 -1.830258 -0.036414 0.036441 -0.064032 -1.750198 2.037302 0.016791 -0.017538
6.880000 -14.245527 -3.564023 0.330314 2.176566 -8.794022 -0.969438 11.367201 -0.194785 -3.792461 -2.182090 -7.624889 2.216881 2.304516 -2.409592 0.240075 1.560457 -1.832417 -0.037029 0.036807 -0.060473 -1.750407 2.037520 0.016750 -0.017499
6.900000 -14.297809 -3.592154 0.347383 2.251752 -8.757339 -0.972697 11.403996 -0.228383 -3.775938 -2.139613 -7.586970 2.227398 2.296734 -2.392706 0.237276 1.562036 -1.834545 -0.037372 0.036954 -0.057401 -1.750359 2.037465 0.016575 -0.017138
6.920000 -14.349206 -3.620687 0.366026 2.325134 -8.716196 -0.974518 11.445762 -0.256817 -3.763595 -2.098644 -7.558353 2.239664 2.286559 -2.378608 0.236540 1.563618 -1.836336 -0.037418 0.036770 -0.055336 -1.750332 2.037197 0.016225 -0.016668
6.940000 -14.399472 -3.650775 0.385843 2.396517 -8.671158 -0.974721 11.489074 -0.280745 -3.756141 -2.057688 -7.537674 2.253433 2.274504 -2.366036 0.237629 1.565368 -1.838490 -0.037070 0.036358 -0.054438 -1.749456 2.036601 0.015843 -0.016108
6.960000 -14.448375 -3.682504 0.407299 2.467768 -8.622120 -0.973301 11.534946 -0.299558 -3.755350 -2.015887 -7.524220 2.268396 2.261198 -2.354240 0.240455 1.567393 -1.840601 -0.036454 0.035733 -0.053864 -1.748138 2.035475 0.015293 -0.015669
6.980000 -14.497058 -3.714643 0.430236 2.537978 -8.569056 -0.970478 11.580379 -0.313592 -3.759013 -1.973516 -7.518775 2.284612 2.246726 -2.343139 0.244016 1.569731 -1.842786 -0.035782 0.035027 -0.053680 -1.746669 2.033833 0.014856 -0.015069
7.000000 -14.540694 -3.747089 0.453856 2.605626 -8.511362 -0.967483 11.625237 -0.324308 -3.766324 -1.928882 -7.520356 2.302197 2.231483 -2.332544 0.248473 1.572132 -1.844917 -0.035018 0.034294 -0.053418 -1.744764 2.031755 0.014268 -0.014467
7.020000 -14.580409 -3.780397 0.477917 2.671379 -8.450186 -0.963044 11.667576 -0.332249 -3.776952 -1.881360 -7.527743 2.320897 2.215583 -2.321509 0.253350 1.574503 -1.846993 -0.034149 0.033458 -0.052879 -1.742544 2.029219 0.013667 -0.013691
7.040000 -14.616070 -3.814510 0.501951 2.735407 -8.386121 -0.955257 11.707166 -0.336913 -3.791036 -1.830260 -7.540264 2.340132 2.199050 -2.309509 0.258066 1.576830 -1.849160 -0.033199 0.032643 -0.052313 -1.740213 2.026546 0.012962 -0.012841
7.060000 -14.649147 -3.848829 0.526445 2.799449 -8.319022 -0.949607 11.741916 -0.338159 -3.808541 -1.774426 -7.556395 2.360133 2.182458 -2.295662 0.262455 1.579260 -1.851519 -0.032251 0.031779 -0.051473 -1.737873 2.023687 0.012300 -0.012157
7.080000 -14.676238 -3.883444 0.550432 2.861392 -8.249605 -0.940475 11.774655 -0.337679 -3.827314 -1.714731 -7.576105 2.381022 2.165359 -2.280980 0.266774 1.581527 -1.853733 -0.031623 0.031202 -0.050051 -1.735459 2.020772 0.011862 -0.011463
7.100000 -14.701460 -3.918261 0.574107 2.922074 -8.177155 -0.932057 11.799388 -0.335160 -3.847672 -1.648617 -7.599154 2.402741 2.148480 -2.264793 0.270498 1.583472 -1.855819 -0.030880 0.030651 -0.048177 -1.733182 2.017997 0.011271 -0.010738
7.120000 -14.719602 -3.953934 0.597683 2.981601 -8.102465 -0.923281 11.823272 -0.330885 -3.870291 -1.577520 -7.624122 2.425189 2.131329 -2.247212 0.273921 1.585696 -1.858134 -0.030377 0.030281 -0.046071 -1.730817 2.015093 0.010799 -0.010314
7.140000 -14.735976 -3.988292 0.620054 3.041115 -8.025631 -0.913974 11.838343 -0.325681 -3.893369 -1.500398 -7.650743 2.448241 2.113581 -2.226975 0.276312 1.587400 -1.860061 -0.030011 0.029867 -0.043430 -1.728592 2.012315 0.010435 -0.009658
7.160000 -14.747102 -4.022313 0.642052 3.099638 -7.947075 -0.904345 11.849822 -0.318313 -3.918248 -1.418311 -7.677831 2.471631 2.095779 -2.205371 0.278107 1.589198 -1.862142 -0.029669 0.029781 -0.040662 -1.726574 2.009802 0.009993 -0.009240
7.180000 -14.753121 -4.055435 0.663162 3.157982 -7.866275 -0.894323 11.855453 -0.310451 -3.942685 -1.329006 -7.706079 2.495694 2.077626 -2.182543 0.279556 1.590486 -1.863942 -0.029549 0.029691 -0.037365 -1.724805 2.007395 0.009697 -0.008893
7.200000 -14.756389 -4.087739 0.683623 3.215688 -7.783779 -0.884009 11.857506 -0.300814 -3.968468 -1.234929 -7.734042 2.519976 2.059121 -2.158487 0.280352 1.591819 -1.865698 -0.029430 0.029651 -0.034067 -1.723175 2.005304 0.009382 -0.008445
7.220000 -14.755632 -4.119150 0.703391 3.274951 -7.700508 -0.873628 11.856491 -0.290634 -3.993937 -1.134862 -7.760824 2.544589 2.040453 -2.133865 0.281292 1.592999 -1.867177 -0.029520 0.029886 -0.030576 -1.721586 2.003188 0.009259 -0.008288
7.240000 -14.752275 -4.149729 0.722647 3.333824 -7.615832 -0.863065 11.849696 -0.278811 -4.019894 -1.028477 -7.787119 2.569457 2.021144 -2.108810 0.281788 1.593852 -1.868739 -0.029569 0.029958 -0.027183 -1.720287 2.001400 0.009009 -0.008004
7.260000 -14.745932 -4.178401 0.740817 3.393503 -7.530441 -0.852490 11.839692 -0.266206 -4.045587 -0.917016 -7.811199 2.594413 2.001612 -2.083462 0.282194 1.594738 -1.869944 -0.029759 0.030224 -0.024168 -1.719091 1.999845 0.008884 -0.007752
7.280000 -14.736461 -4.205936 0.758154 3.453616 -7.444274 -0.841878 11.825414 -0.252406 -4.071137 -0.798958 -7.833356 2.619524 1.981718 -2.058551 0.282702 1.595312 -1.871091 -0.029873 0.030461 -0.021165 -1.718150 1.998512 0.008727 -0.007636
7.300000 -14.723557 -4.231968 0.774867 3.513707 -7.357275 -0.831215 11.806914 -0.237765 -4.096235 -0.675001 -7.852921 2.644730 1.961515 -2.033551 0.283014 1.595799 -1.872201 -0.030106 0.030750 -0.018491 -1.717341 1.997436 0.008529 -0.007348
7.320000 -14.707240 -4.256556 0.790888 3.574053 -7.269834 -0.820529 11.783794 -0.221959 -4.120752 -0.544638 -7.869603 2.669926 1.941538 -2.009259 0.283457 1.596158 -1.873078 -0.030326 0.031103 -0.016131 -1.716580 1.996419 0.008400 -0.007240
