# time tau_0 tau_1 tau_2 tau_3 tau_4 tau_5 tau_6 tau_7 tau_8 tau_9 tau_10 tau_11 tau_12 tau_13 tau_14 tau_15 tau_16 tau_17 tau_18 tau_19 tau_20 tau_21 tau_22 tau_23
0.180000 -26.240873 3.790938 -85.596817 62.729424 -7.484589 3.086731 -5.371411 2.438019 89.232765 58.712891 -14.544130 -5.840811 -3.446205 13.593136 -7.614172 0.052451 -0.732418 -20.103140 -0.607442 9.939067 22.119005 -5.791392 -15.904037 -14.913297
0.200000 20.361519 -34.070881 21.507948 -35.352592 14.499033 4.505431 25.432562 30.509789 -12.552923 -17.297762 5.570604 -2.087896 -11.025138 0.148219 1.818599 10.682281 1.126008 18.770023 -0.842193 2.728395 -1.584866 4.670484 15.290688 12.851428
0.220000 32.856972 -11.708865 35.726608 -22.511784 0.506814 -0.582459 33.496944 11.538297 -50.103771 -50.510460 4.253335 -0.103971 -6.943373 4.096653 2.751634 8.809622 -0.746004 0.998612 0.860538 0.158361 -5.893835 0.974897 3.132085 -5.283999
0.240000 -20.123583 4.735168 -12.871678 32.714024 -7.206025 -0.483766 -8.682368 -0.927146 18.757242 35.227654 -2.783972 1.960855 0.893916 12.933321 -11.614359 1.090471 -0.514016 -6.768939 -1.656150 -2.696921 7.177283 1.500633 -5.227138 4.721287
0.260000 -14.319634 -1.231945 -15.782000 -24.657772 5.364395 2.445807 11.343642 18.735317 24.708483 54.018578 5.159963 1.516942 16.134443 -4.948452 1.420137 -1.412475 -0.467540 -4.072124 2.011407 7.073532 9.975075 -1.418987 -1.670491 -1.441562
0.280000 -25.192047 -4.055888 21.873484 -6.280972 0.017587 -2.326359 34.227226 -11.951607 -24.573481 -19.320168 12.110618 0.750222 -19.546099 1.605941 0.501272 10.500144 -0.018198 10.550921 -1.224105 -4.143231 3.831366 1.376061 -0.378377 3.031368
0.300000 1.678118 24.511690 -11.369836 4.130206 -4.165981 -0.149476 17.684820 -0.557636 7.926002 14.703375 -6.383389 -0.729981 4.108133 12.307836 2.437075 1.024183 1.661529 -9.971259 1.186299 5.118111 3.527418 -1.344108 -2.772616 -0.995439
0.320000 -12.425613 12.180032 -3.479610 3.882296 -2.416855 1.226611 5.040943 -3.364069 12.511849 -7.417063 -0.356485 0.293593 -9.047347 7.787049 -5.865681 1.140123 -0.393154 0.113857 -0.912953 1.505107 6.584047 -1.878231 -0.976354 -0.389019
0.340000 -26.906164 -9.047779 11.311109 -23.851896 2.736693 1.846114 32.142731 -25.379808 7.011279 14.335048 0.487053 -1.955811 2.612894 0.209042 2.381708 1.031828 -0.503525 -3.431807 1.254528 4.487470 1.574692 0.548992 -5.927294 1.447582
0.360000 -0.796993 3.241191 -5.101078 -4.330734 -2.600395 -2.810982 39.422192 -11.804612 -0.196195 8.160911 -3.549162 -0.728096 -0.345065 6.634388 -2.639914 1.620761 0.179516 5.186500 -1.633855 -1.322088 5.019193 1.130373 4.956016 -0.550110
0.380000 0.736976 28.744762 -6.102778 5.554780 0.708880 -1.893649 29.661978 12.262200 10.510283 17.535425 -3.392123 0.980463 8.329781 -4.044291 -0.767469 -0.362415 -0.934556 -2.638328 0.873616 0.822424 -0.382292 -0.543050 1.920395 0.374878
0.400000 2.196519 5.097508 7.269466 -2.534087 1.699331 1.398739 41.742294 -23.158253 8.855126 22.194672 -0.248744 -1.660938 -2.707096 1.025235 -2.443800 5.189774 0.810224 -3.879178 0.299731 -3.202842 1.579790 0.308441 -6.445940 0.123122
0.420000 -17.691067 6.195774 -1.123511 -12.433267 0.137191 1.286527 35.718552 -16.155399 11.465972 10.093589 -0.933441 -2.593609 -4.220948 3.062890 0.291373 5.762721 1.315419 -0.484140 -0.851109 1.531219 1.024488 -0.164450 0.578972 0.596936
0.440000 -15.027186 16.880894 -8.367859 7.317849 -2.418373 -0.587185 35.362041 -5.346001 14.989253 10.288440 -1.590328 -0.323393 -6.748779 -0.836993 -1.313305 3.002010 0.274319 1.127414 0.434991 1.239666 3.455367 -0.160663 0.521566 -0.024534
0.460000 -6.379933 3.220284 3.539515 -11.819004 1.939298 0.365932 44.539867 -10.097250 11.816936 13.224706 -1.225815 -1.612923 2.803669 -3.172384 -1.347457 1.169047 0.759794 -4.965329 0.335120 1.370896 0.048298 0.067295 -4.251093 0.882230
0.480000 -16.768267 6.534448 -8.036535 8.482115 -3.715815 0.317002 38.601559 -15.576629 13.692850 6.738098 -1.919373 -2.368913 -0.763122 9.113978 -1.385798 3.904269 -0.733052 0.952300 -0.156640 0.658933 2.326987 0.148957 1.701303 -1.279969
0.500000 -13.725512 5.574638 -12.672217 -1.855161 -0.920314 2.358315 38.806290 -7.905274 14.857498 24.357584 -2.431916 -0.043918 9.013721 -2.084849 -0.149497 2.595581 0.588796 -2.119060 0.130974 1.444594 3.540190 -0.359148 -2.022662 0.818751
0.520000 -9.688906 5.701574 -3.593140 -4.423060 1.483833 1.832213 38.749107 -9.093318 5.964273 13.294800 0.392860 -1.664156 -0.859789 1.196228 -0.325060 4.723873 0.190635 0.313270 -0.020451 -0.018821 1.372352 -0.208068 -0.815026 -0.372563
0.540000 -11.142025 11.546731 6.163496 -3.503854 1.041664 0.333957 35.137344 -13.232802 4.720670 13.476493 0.435666 -1.942802 3.032834 8.251837 0.052551 5.573713 0.146362 -0.676546 -0.132792 0.151438 0.337514 -0.166502 -1.240577 0.287266
0.560000 -7.482653 7.323374 -1.853990 -6.546020 -0.920854 0.256927 34.533203 -6.966190 10.054556 12.862046 -0.244604 -0.033459 4.968063 5.469363 -0.709222 4.369571 -0.194731 -2.322701 0.195472 1.677827 3.935975 -0.068873 -0.838190 -0.155266
0.580000 -19.598310 6.986142 -1.954979 -9.277562 -0.081175 -0.384224 29.415478 -7.805237 8.830602 14.213566 0.669809 -1.204476 -0.059888 2.953807 0.975341 4.474479 -1.154405 -1.407883 -0.135858 -0.223819 2.109144 0.318042 -1.404446 -0.043260
0.600000 -12.551603 7.728374 -4.721754 -5.341021 -0.714540 0.934733 35.064003 -8.709312 6.932695 15.670200 0.249184 -1.782178 3.725303 3.559619 0.381293 4.654905 -0.149011 -2.300364 0.111015 0.938549 3.142001 -0.539289 -2.443983 0.442544
0.620000 -11.106205 5.179782 -5.271591 -6.824622 -0.907233 0.977849 36.303600 -6.661401 11.016754 11.738931 0.777284 -0.772264 3.598424 6.245012 -0.384074 3.713397 0.259182 -1.375113 0.214772 1.534159 4.926417 0.150228 -1.228899 -0.177376
0.640000 -13.952975 10.092729 -3.387254 0.362521 -1.671436 0.570513 33.968410 -11.507810 10.830017 15.535606 0.545692 -1.265197 3.737847 5.844397 0.537596 5.221059 -1.173984 -1.805940 -0.245753 0.809939 4.267218 -0.107763 -2.067347 0.205684
0.660000 -6.962237 5.878464 -1.568341 -5.430981 -0.625007 1.133878 35.699585 -12.008245 11.020443 13.925877 0.804698 -1.786921 5.269777 5.438989 -1.118605 5.084236 0.313677 -2.785486 0.083651 0.671717 5.450703 -0.120183 -2.918193 0.456470
0.680000 -7.748278 5.567943 -2.688246 -2.798180 -0.935356 0.224460 33.009144 -10.913109 11.623254 7.325822 0.842076 -1.613328 1.821878 2.519652 -0.397754 4.859168 -0.523981 -0.945770 0.113402 1.618309 4.974274 0.168151 -1.416433 -0.395921
0.700000 -4.089780 5.444525 -4.366696 -1.642701 -0.812298 0.560044 32.739922 -13.633780 11.586737 13.238046 -0.013627 -1.722941 5.526182 1.681873 -3.084626 4.442643 0.894300 -2.774156 -0.066047 0.931183 4.213079 0.441738 -2.212375 0.414784
0.720000 -1.291848 5.170847 -4.242613 3.680185 -0.896051 0.747107 29.648964 -11.587134 13.229360 10.175585 0.174015 -1.514842 4.889681 2.496457 -2.849926 5.324898 0.063445 -2.804548 0.102572 0.579582 5.213675 -0.316277 -1.906716 0.197071
0.740000 4.264577 5.849176 -3.631734 3.399301 -0.812079 1.028908 28.402302 -10.573494 14.050189 7.514721 0.460023 -1.526638 5.044989 -0.086642 -3.048518 6.186430 0.224142 -2.664222 0.061641 0.548071 6.592694 0.077532 -3.113786 0.038170
0.760000 10.227893 7.689905 -4.928456 5.362445 -0.820617 0.726919 24.992546 -12.098439 10.460884 6.251715 -0.570697 -1.948777 5.111236 -0.364498 -3.079432 5.756216 0.092751 -2.460895 0.099640 0.584144 6.718999 0.129893 -1.805445 0.057603
0.780000 16.450556 11.545913 -5.075661 8.476461 -0.865744 0.619186 20.604471 -13.361315 9.499921 0.186976 -1.297804 -1.424117 1.910344 0.662295 -2.101552 4.840649 0.006733 -2.694369 0.113584 -1.636232 6.880612 -0.380270 -2.659035 0.278718
0.800000 17.607206 15.578204 -6.832611 8.525275 -0.779961 0.623018 11.340591 -11.387160 8.500345 2.795788 -3.015054 -0.879852 1.017057 0.466666 -0.803377 2.487941 -0.853076 -2.596918 0.109205 0.546942 4.739779 -0.242472 -1.217452 0.114316
0.820000 16.549925 10.157166 -7.718755 7.062677 0.098118 0.250067 4.202336 -3.558331 6.056617 -1.560462 -2.047591 0.274451 -7.891417 1.368792 0.508712 -0.262443 -1.851219 -1.850851 0.185410 2.332529 1.462840 0.450850 -0.042249 -0.346248
0.840000 14.420464 10.178760 -7.481592 9.054376 -0.523187 1.217198 -3.304642 -7.166364 2.707760 0.870852 -2.331619 -0.064041 -6.211609 0.918085 0.470414 -3.000254 -1.571089 -3.001025 -0.311474 0.675268 -0.266944 -0.272994 -1.175399 0.299326
0.860000 20.305950 9.503295 -8.338993 6.236895 -0.576150 1.361263 -6.457263 -13.983873 1.471669 1.283048 -2.227587 -0.473573 -3.128563 2.031159 -0.469410 -3.659832 -1.039692 -2.831922 0.127947 0.355820 1.230866 -0.747155 -0.887172 0.259807
0.880000 27.532745 14.272357 -9.330798 7.693312 -0.820512 1.235387 -8.060909 -10.903377 1.378757 -7.240261 -1.465704 -0.095809 -3.021575 3.494205 -1.221151 -2.865733 -0.630447 -1.877229 -0.100667 -0.053337 2.648049 -0.599001 -1.032925 -0.041581
0.900000 30.528717 25.089205 -10.136011 14.618501 -1.850378 1.724139 -11.162404 -5.512175 0.347396 -3.657875 -1.795464 -0.115496 -3.142479 3.904316 -3.666773 -1.580762 -0.988186 -0.247972 -0.159416 -0.097559 2.852759 -0.566876 -1.627003 0.076469
0.920000 32.203102 23.659313 -8.998719 11.906423 -1.429532 1.568423 -10.383453 -7.553312 0.628611 -10.560062 0.439962 0.119866 -2.570694 3.578609 -4.610130 -1.163785 -0.083043 1.171300 -0.003347 -0.187138 3.444757 -0.496385 -1.075358 -0.551419
0.940000 33.347309 20.029657 -12.561990 8.795228 -2.128067 0.637949 -10.052322 -5.348154 1.869166 -17.163952 0.446162 0.770966 -8.139692 3.688097 -3.816409 -2.663132 0.407070 1.588066 0.131537 0.311870 5.550774 -0.343147 -0.389585 -0.328409
0.960000 16.484383 20.718533 -13.634102 -8.272535 -1.419726 -0.354230 -27.449915 -2.495192 -6.792630 22.651451 -2.225716 -0.297497 -5.270831 5.469206 -9.130768 -5.541684 2.090296 6.400939 -0.358666 -2.701793 5.347191 -1.861419 -4.967040 -0.521222
0.980000 13.666637 9.823720 0.518426 8.849398 -4.680839 -0.440160 -12.133411 9.713437 -0.220096 -28.028843 -1.021483 -1.844319 -33.889782 -9.583231 1.417526 -5.882504 1.018418 -0.109149 -0.342780 -1.196603 10.033660 -2.772269 -2.938049 -0.711769
1.000000 -28.070013 23.138535 -0.660517 -3.365860 -5.078884 1.637008 -44.534309 -15.768565 3.642885 18.493496 5.301982 1.911852 -14.364994 -52.110432 3.362318 -10.880937 -4.807404 4.299974 0.082744 2.402963 6.891114 -1.536165 0.838678 0.475408
1.020000 -37.224663 7.497080 -10.645988 -0.301239 1.440682 0.995293 -10.701862 4.025180 -8.641453 -19.515142 -1.491226 0.090071 -19.641266 -66.467270 5.068381 -17.050591 -2.729625 -0.718430 -0.384122 5.262369 -1.675865 6.755325 3.033998 -0.593149
1.040000 -19.340549 13.378701 2.567379 -30.633282 2.880088 2.776733 -20.284088 16.563648 6.062129 -23.355350 3.279698 -0.601628 2.542777 -41.494198 2.161422 -18.213469 1.161857 -2.508862 0.439032 1.573076 -13.374637 -1.305101 4.579024 -0.521503
1.060000 -3.886871 19.534170 4.399608 -3.067524 -3.258275 0.039054 -8.368621 -2.922848 1.425392 16.349499 -4.734742 -0.061906 16.969252 -13.005099 -2.152985 -10.352154 1.941613 -4.058523 -0.652078 0.064213 -9.308703 -1.913485 0.912355 0.776373
1.080000 -36.269783 -18.097769 -3.081749 -11.142282 -0.228517 -0.680469 -30.410149 -7.601811 -1.801734 -7.066940 -0.181141 -0.472610 7.242279 -19.921728 -2.440242 -5.685346 3.748962 -7.445880 1.499704 0.728887 -3.162683 -1.529966 2.326050 -2.366398
1.100000 -22.660458 4.380579 1.575402 -6.283647 -0.225453 -1.064639 -29.371363 -13.164934 0.034520 2.451931 1.866182 0.884380 8.374544 -30.877485 -4.032454 -7.295748 1.133382 -1.012798 -2.055954 -1.241748 -2.589213 -2.423305 3.038812 1.421309
1.120000 -14.708759 12.086531 1.093816 -13.233089 2.986625 0.426938 -25.840128 -2.559838 -3.183480 -2.684428 0.035140 0.721566 6.522542 -33.079178 -2.249100 -0.858876 0.611797 -1.351268 1.213374 6.512275 -4.164146 -0.623082 -9.495754 -0.090751
1.140000 -20.658758 0.051194 -1.945428 2.665744 -2.841093 -0.741339 -20.435747 -2.329950 -6.967051 -14.335814 0.072739 -0.327843 1.057068 -35.265312 0.451772 4.357801 -0.076661 -0.266229 -0.680759 7.727977 -2.117802 1.156029 -7.568035 1.209094
1.160000 6.216698 23.336065 -1.326692 -23.812332 2.012382 -1.271958 -16.676973 24.068739 -3.346135 -1.815868 -1.253976 -0.686708 15.482774 -33.002403 -2.496515 4.895605 -1.650660 3.671132 0.020625 3.546270 -5.495319 0.062246 1.210635 0.411290
1.180000 -32.822140 -3.165989 1.701266 5.950491 -4.694948 -1.026754 -26.831837 -10.847974 -5.372436 -16.848869 -0.553975 0.686714 -2.349198 -33.532822 -2.502207 3.549606 0.831860 1.139139 -0.167698 8.962914 -7.522701 1.978362 2.844282 -0.560910
1.200000 -14.445415 -3.372054 -1.873656 -12.834021 -2.184558 -0.702718 -16.486086 1.154282 3.036674 -1.071961 -1.299501 -0.009376 -8.434610 -21.537935 1.995224 -4.561075 2.296702 -0.084901 0.244303 3.223817 -8.724513 3.858019 1.369317 0.372842
1.220000 -16.421850 4.613298 5.562651 -2.314811 0.158899 1.237108 -22.790085 -7.992456 0.004355 4.500127 1.756876 0.209645 1.215317 -16.149183 -1.404160 -7.642696 -0.724499 -0.162879 0.005429 5.227677 -11.981801 1.260839 -0.134335 0.373015
1.240000 -14.891379 -10.050978 1.421020 -8.669038 1.125390 0.120668 -16.242208 -6.585227 -9.638360 -15.114498 -0.076586 -0.676841 -1.152968 -13.523438 -3.364659 -8.104022 -0.308319 -4.304169 0.365564 -3.386693 -10.434266 1.228765 -2.339360 0.279984
1.260000 -28.358038 -11.314560 -3.864964 -8.487531 -0.220377 0.681728 -32.451500 -6.403911 -3.142787 -10.821081 0.158148 -0.120198 8.849785 -12.944819 -3.930534 -5.176877 1.071900 -1.176076 -0.419007 -4.996701 -3.021355 -4.970866 -0.480205 -0.310115
1.280000 -40.430290 -11.573287 3.165999 1.612891 -0.024133 1.288297 -33.949001 -8.419742 1.496143 -1.682526 -1.526590 -0.967127 3.047508 -12.836795 -4.240102 -0.107486 1.437941 -0.941939 0.924427 -8.838208 2.845754 -4.446741 -1.779935 -0.294623
1.300000 21.897318 20.496063 -2.691881 -7.877865 -2.347453 0.464661 -21.123730 23.920893 0.281709 9.993927 0.911409 -0.257049 -12.201178 23.664904 3.305782 0.796733 0.705676 4.294717 -0.556466 -2.948776 2.102870 0.653505 4.285800 0.082806
1.320000 5.255308 9.171179 -6.609807 7.584533 -3.330218 -0.053292 -23.380030 8.646352 -9.330680 15.358442 2.078655 -1.059277 -7.375663 20.866770 -1.175567 5.910488 -0.935145 -0.862465 0.351621 0.281315 1.603540 2.089151 -3.587337 0.748294
1.340000 12.179339 2.581998 -5.630000 0.267336 0.420034 -0.526379 -10.079973 -4.165597 -8.554650 4.237783 1.445339 -0.225026 -7.233911 8.669165 -2.757881 6.744052 0.314683 0.442158 0.490629 1.123060 2.426232 1.691016 -0.805839 -0.488164
1.360000 18.937860 -7.000617 -15.659804 7.302155 -4.120585 2.546178 -7.822105 -2.237863 0.853872 -1.521027 1.028381 -0.593329 0.208312 2.594713 -3.525296 6.033734 0.620765 0.691795 0.204976 1.150263 0.094188 1.851669 -2.016863 0.340027
1.380000 22.668238 1.857810 -19.422209 15.698974 -4.757386 2.837943 -12.205149 -1.150380 4.008008 -6.955530 0.266530 -0.915924 0.076813 3.896719 -2.573815 3.734693 0.278189 0.987465 0.098218 0.533157 0.781290 0.655735 -1.550064 -0.152630
1.400000 27.683079 19.239508 -10.567083 18.933805 -2.856744 2.729859 -8.211151 -5.332862 9.813556 -0.683741 1.754045 -2.239983 0.094809 -2.051971 -0.269099 6.577891 0.901921 0.985248 -0.005742 0.562022 1.833541 0.565685 -5.565912 0.333790
1.420000 17.153244 24.030851 2.203692 8.169568 -0.951289 1.559703 -0.798822 -4.579067 8.630590 -2.087655 2.320504 -0.500166 -13.091178 -14.680149 -1.019223 5.317238 0.816182 1.994052 0.398390 -0.051656 1.505965 0.715581 -2.480230 -0.292918
1.440000 -10.967909 28.481903 -1.149127 5.660493 -2.785262 0.590825 0.377176 -6.604189 10.152762 16.875761 4.245922 -1.166330 -21.707737 -25.574379 -5.541774 4.720822 0.708447 3.256239 -1.147515 -0.206638 0.721018 -0.561349 -1.786470 0.429299
1.460000 -18.818254 29.641525 -5.531210 -7.837889 1.954671 -0.041695 3.581141 9.174512 11.111318 18.957119 4.213532 -2.417556 -23.537729 -22.544689 -1.842736 5.297490 1.177382 0.995408 0.630324 0.272803 -0.962605 0.141209 -2.234507 0.150368
1.480000 -17.312956 24.340843 -8.372802 -9.629008 1.191398 -0.165483 1.683591 2.518494 18.098549 15.699918 4.936698 -2.145459 -20.215725 -23.010519 -1.293000 5.654381 0.196735 2.450825 -0.509600 1.914584 -2.192148 1.415103 -0.324600 -0.466017
1.500000 -12.810645 17.162886 -8.324361 -18.501574 0.469814 -0.327622 2.101700 -0.099815 20.446920 15.099286 4.664100 -3.468210 -15.055850 -20.289001 0.873521 6.098237 1.249339 1.055682 -0.119755 3.621444 -3.390688 2.577130 -1.262688 -0.156712
1.520000 -16.402103 17.819014 -2.980734 -19.584585 -0.627481 0.515206 -3.663066 3.850501 20.200096 19.559004 4.644646 -3.610810 -15.583992 -10.174778 1.706476 2.993567 -0.099778 2.130868 0.065937 4.520098 -4.097664 1.306601 -0.639221 -0.233957
1.540000 -22.501480 14.225416 -1.853122 -16.414848 -1.557989 0.057437 -5.376597 0.693904 19.194124 18.454922 5.448481 -3.310250 -12.428818 -6.170657 1.246614 1.690458 -1.079681 1.715197 0.298447 1.569864 -3.396601 0.543065 -1.095684 -0.085859
1.560000 -23.078444 13.615198 -2.502624 -12.425283 -1.854338 0.009302 0.372635 1.621889 15.007668 21.308527 4.768046 -3.259138 -14.750201 0.713033 1.277643 0.560968 -0.496817 0.507292 0.107901 1.202645 -1.653819 0.189709 -2.257941 -0.318840
1.580000 -21.201427 14.685189 -2.084038 -10.426060 -1.543296 -0.467458 9.112678 3.481427 12.874912 20.438139 3.730271 -2.091948 -13.437144 2.324853 -1.253954 1.331928 -1.087358 0.508744 -0.015784 -0.898243 -0.225930 0.143897 -3.917574 0.146144
1.600000 -14.773556 11.510922 -4.055956 -8.391391 -1.533677 -0.482979 20.221947 7.959597 12.947792 19.354053 4.325963 -1.300948 -12.318382 0.702889 -2.384888 3.872067 -0.070221 0.903506 0.138144 -0.597094 1.550652 -0.460756 -3.998481 0.244940
1.620000 -20.901724 5.370986 -2.305621 -7.675976 -1.021496 0.059528 12.957032 12.496651 13.805760 16.854731 4.633344 -1.296556 -21.848051 -3.056340 -2.123105 5.671962 1.505594 1.158517 -0.518008 6.248586 1.772505 1.596717 -2.588841 0.419338
1.640000 -21.828270 0.131104 1.261394 -7.262694 -1.993490 0.083959 15.174819 8.224184 18.985298 14.461141 2.245283 -2.354881 -32.223488 -3.763058 -1.655662 4.205042 1.116162 0.922076 -0.041439 9.444312 -1.154872 2.964587 0.668593 0.003083
1.660000 -23.428268 -6.023772 5.337256 -10.118527 -1.434447 -0.001397 14.640270 8.315014 24.420891 15.710252 2.119443 -1.363415 -31.536409 1.463734 -1.178907 3.463864 0.864214 -0.287882 -0.063196 5.523391 -3.085908 2.048210 2.046442 -0.267653
1.680000 -26.357695 -5.601274 2.992350 -6.089001 -0.550732 0.463703 11.256648 8.972932 24.300518 20.465294 3.049228 -1.115211 -25.820902 11.456733 -0.949170 3.123542 0.652621 -1.158998 0.247488 -0.638705 -3.762613 -0.945936 0.021864 -0.174508
1.700000 -21.260458 -1.196241 0.617130 -6.847901 -0.495422 0.623945 13.633680 10.819642 16.186504 23.141689 2.473835 -1.124493 -22.619085 17.241524 -1.528445 2.949552 0.496052 -0.707460 -0.292937 -5.955813 -1.680269 -2.874069 -1.119336 0.320342
1.720000 -19.169514 1.173141 0.299766 -14.872192 0.381235 0.019263 10.671229 8.413087 8.571884 24.437344 4.438361 -1.495969 -25.095345 12.758078 -3.891422 4.536776 0.706920 1.437822 -0.545659 -5.045957 -0.388307 -2.659273 -1.972985 0.412614
1.740000 -15.291380 -2.302122 0.994768 -15.341458 -1.048012 -0.152823 14.350168 5.631769 7.194144 25.315245 4.891260 -0.529680 -22.558800 11.288776 -5.015867 5.605704 0.562420 2.252703 -0.123297 -3.948040 -1.236030 -1.111336 -1.865286 0.012132
1.760000 -14.930714 -9.210650 1.574547 -11.465638 -1.740640 0.091168 15.983486 9.618066 15.339911 23.853565 2.238102 0.926720 -6.695061 14.955952 -4.882022 5.792326 1.326150 1.470436 0.423537 -5.409772 -1.814569 -1.884369 -1.857442 -0.143014
1.780000 -20.698441 -18.702814 2.079570 -3.823611 -1.507283 0.222323 22.709961 15.992856 26.942373 26.163042 1.684936 2.105900 3.575139 16.656725 -4.395150 5.312724 1.253541 0.765847 -0.116410 -4.775064 -0.826407 -2.379899 -1.369501 -0.289843
1.800000 -25.700903 -20.561367 8.040194 -1.241114 -1.020367 0.145893 30.363884 19.926750 33.922417 27.998833 2.539520 1.552511 1.989657 22.373283 -2.765993 4.683378 1.509923 0.822891 -0.155417 -3.901186 0.523893 -1.255029 1.335835 0.121943
1.820000 -27.744795 -16.484543 15.583838 -5.446273 -0.623903 0.138194 30.233440 18.116184 33.876392 29.502863 3.722686 -1.121436 -3.918223 27.042963 -2.860286 5.042912 1.800299 0.231560 0.024885 -1.440794 2.069440 -0.064382 2.263292 0.138288
1.840000 -25.464941 -13.291709 13.057697 -8.980554 -0.678893 -0.171750 29.276567 4.602968 27.659576 34.064537 5.961760 -3.119463 1.063155 34.518475 -2.352830 4.057200 1.280603 2.098014 0.468632 -5.621353 -3.841690 -0.665849 -2.991150 0.300432
1.860000 -16.391336 -10.149893 9.291482 -12.267816 -0.307364 -0.626600 18.927069 -11.499518 16.936434 24.359013 8.656875 -4.270840 8.932602 38.116276 -2.946527 4.338195 0.340110 2.648246 0.186579 -7.551258 -4.997978 -1.535458 -3.202479 0.186457
1.880000 -10.873704 -9.565765 4.107748 -11.018298 -0.663208 -1.312547 -0.421632 -15.901047 -1.285232 11.992098 5.663766 -2.485444 -1.467459 26.406075 -3.442147 5.406312 0.739740 2.809947 -0.335443 -7.996445 -2.036082 -2.012918 -3.056088 0.638575
1.900000 -14.175166 -3.847807 -1.504095 -9.872923 -2.019647 -1.050935 -5.209516 0.471387 -22.185678 12.275003 -2.033510 0.448602 -31.500004 6.339662 -2.189992 7.305597 0.946675 0.464527 -0.388508 -3.314935 4.306294 -2.062234 -3.018712 0.278387
1.920000 -24.630478 -1.212665 -7.282847 -8.764689 -2.279204 -0.680550 -4.370518 10.290231 -23.868567 10.889024 0.402494 0.825783 -40.527317 -10.819862 -3.888073 7.696380 0.569428 0.968809 0.232213 2.891791 4.753016 -1.417537 -2.575802 0.364587
1.940000 -23.573559 -1.720991 -9.361853 -10.261916 -1.597897 -0.302327 7.375978 19.526403 -13.960475 4.522068 -0.075716 0.467239 -42.262417 -18.598083 -3.416587 6.298207 1.055278 2.174372 -0.063690 4.581965 0.896803 0.900965 -2.492435 0.060894
1.960000 -19.303968 -3.994818 -8.769992 -13.077399 -1.286440 0.214536 5.842117 31.273149 -1.085684 -4.128049 -0.593619 -0.061702 -35.631966 -18.773890 -2.105716 4.465248 0.983699 1.099782 0.493136 3.702342 -1.296681 -0.262327 -2.022855 -0.227273
1.980000 -11.673825 -4.575613 -9.857315 -13.542354 -0.147648 0.514541 1.838466 26.321314 7.094081 -9.192140 -0.048736 -0.530892 -19.959652 -7.826892 -1.905352 1.128321 0.907828 1.511943 0.526827 2.029382 -5.363294 -1.697752 -0.982535 0.452911
2.000000 -6.134269 -6.818979 -10.605803 -13.362112 -0.576108 0.800737 -6.633375 16.303581 8.088429 -10.489401 -1.111842 -0.101447 -4.279675 -1.933546 -3.149542 0.438966 0.931026 -0.482921 0.195056 2.828204 -7.442037 -1.412205 -0.315323 0.607661
2.020000 -3.737326 -5.668350 -5.379728 -18.717304 -1.361311 0.640821 -11.902282 3.029273 5.243393 -11.660781 -1.303905 -0.176469 8.155688 7.437825 -4.909770 -1.411732 1.227848 -0.128979 0.603319 5.507885 -8.460453 0.376254 -0.061216 0.036486
2.040000 1.761541 1.587044 1.408862 -22.992731 -2.832294 -0.488943 -6.444737 -7.232194 2.868659 -9.244506 -1.131481 -1.089408 14.768763 15.861630 -5.390100 -1.900970 0.406686 0.326682 0.410702 -1.794806 -4.768968 2.647877 0.585504 -1.069287
2.060000 -7.055463 5.158663 2.217991 -21.483854 -3.483427 -0.656643 -10.177282 -8.753084 2.145765 -8.524384 -0.519087 -1.007267 21.780033 13.777326 -5.112581 -2.841386 0.623978 -1.004418 0.245511 -9.629644 3.025985 -2.342867 -1.289620 0.308263
2.080000 -10.565793 9.085846 4.536049 -22.268686 -4.254403 0.086423 -1.860133 -0.242065 10.761871 -12.923210 -0.719143 -1.876448 10.174227 5.480068 -3.328196 -3.409860 0.943059 -0.165754 -0.770032 -6.843487 7.077177 -0.879499 -1.438565 -0.514166
2.100000 -19.493639 0.966548 4.166327 -21.789856 -4.165266 -0.099650 3.092147 2.529606 15.485744 -13.812042 0.834659 -1.828427 3.323920 1.844064 -2.192993 0.461489 0.136553 1.932100 -0.465679 -2.711881 5.344449 0.769248 -2.388302 -0.322819
2.120000 -14.004495 -1.751330 2.869453 -14.051770 -1.853493 -0.456256 17.001308 -2.290567 32.330769 -13.434108 0.183172 -2.812495 19.196301 12.845376 1.255958 7.313474 -0.386021 4.800738 -0.209843 -6.065264 2.422961 -2.161406 -3.508383 -0.528904
2.140000 -1.541433 -2.656351 6.171348 1.993247 -0.285080 -0.382281 17.097876 -9.745011 62.785488 -24.259457 -3.066024 -4.694875 50.644463 23.809042 0.731335 7.405925 -0.297367 4.036376 -0.057728 -8.402779 -0.948055 -3.836142 -2.013913 -0.484785
2.160000 -0.531549 4.135489 4.564492 5.329494 0.985265 -0.219391 12.922454 -12.444727 77.399826 -32.549358 -7.939258 -5.984729 59.424934 19.084835 -1.838983 3.913727 1.366684 4.409980 0.193616 -8.282312 -1.806970 -4.094397 0.046621 -0.092218
2.180000 -13.483518 -0.446093 1.185001 6.124149 2.848338 0.538627 7.837780 -17.947371 68.391426 -26.342604 -10.262950 -5.393869 53.230339 -8.823918 -6.183195 3.608757 1.543217 2.494067 0.075381 -5.661346 2.084468 -2.256239 -1.189569 0.285281
2.200000 -22.336018 -3.917440 -0.205102 11.161715 1.393969 0.061576 6.065286 -21.533976 57.867916 -22.092537 -4.580343 -5.721114 34.309284 -15.941965 -5.206078 1.826173 1.543588 3.124881 -0.167011 -2.564075 10.307686 0.260989 -2.553992 -0.621152
2.220000 -21.503508 -3.929408 -3.432976 8.559351 0.564250 -0.186655 6.263254 -5.692596 49.648182 -25.603058 -2.847370 -5.026217 27.591520 -11.225075 -1.361919 -1.466531 1.923318 2.172543 -0.111956 -0.668372 15.133410 -0.065334 -2.463322 -0.218761
2.240000 -9.562023 1.154482 -7.421196 8.042596 1.589434 0.161122 9.641280 8.331961 48.542160 -26.102722 -2.170947 -4.248351 24.897743 -13.242998 0.848317 -2.201524 1.061872 1.302616 0.153269 -0.154268 16.162930 -0.356718 -1.699828 -0.325482
2.260000 -1.042718 5.140695 -7.824864 6.519353 0.059008 0.248805 22.269438 2.282993 48.171272 -27.549109 -1.070960 -4.153633 24.526104 -11.005497 1.749909 0.091337 -0.186679 0.075618 -0.159611 0.275648 14.764030 0.401562 -2.420192 -0.104411
2.280000 1.901234 13.551183 -5.349900 -0.896418 -0.462182 0.381371 25.570429 -3.195844 47.565540 -26.800043 -0.022206 -3.832524 24.871239 -8.694586 0.002675 2.579980 -1.012905 0.308445 -0.188990 0.230186 14.295509 -0.450053 -2.029574 0.082503
2.300000 6.706069 15.328176 -2.443584 0.760909 -0.765481 0.130321 24.266668 1.222408 48.679909 -16.984308 1.224765 -3.148826 27.220324 -7.076313 -1.150815 5.458696 -0.395727 0.610519 0.237973 -1.452680 14.482440 -0.094841 0.569138 -0.303657
2.320000 7.586941 15.158149 -1.861657 0.796062 0.198442 0.079670 17.753687 4.816916 50.292095 -12.951885 3.011664 -2.967811 32.166889 -9.045866 -1.571303 7.836047 -0.036869 1.915084 -0.076140 -2.795367 15.921367 0.304534 3.133091 -0.102866
2.340000 10.019627 18.063387 -5.383741 3.547205 0.345027 0.333630 18.039818 1.198087 50.895222 -8.638563 2.351359 -3.058172 32.582455 -7.945966 -0.713723 8.678527 0.250091 2.495828 -0.645851 -2.738562 18.378929 0.911842 3.035818 0.077354
2.360000 4.722383 17.970726 -11.147593 2.608082 1.379569 0.293227 13.247777 1.274045 51.168812 -9.707847 1.466677 -2.962794 34.703362 -13.986663 -1.586545 7.974738 0.185262 2.203313 -0.495761 -2.797794 21.397072 -0.055431 8.886772 -0.138623
2.380000 -0.464774 15.835228 -15.644023 5.867594 0.867137 0.005421 13.099627 -1.463088 50.989445 -9.493802 1.507194 -2.937319 32.874840 -16.863457 -1.160242 5.405945 -0.331944 1.965278 -0.175455 -6.504961 25.754908 -1.851156 19.014633 -0.743757
2.400000 -6.367025 15.299913 -15.916828 9.220266 0.337601 0.045526 10.798309 -3.773239 47.582325 -5.666796 1.611518 -2.319272 28.202879 -18.812935 -0.001716 5.147076 -0.847631 1.728784 0.039990 -10.987790 27.992308 -3.730489 24.794941 -0.347024
2.420000 -7.277512 19.852619 -14.633963 8.857422 0.695641 0.330849 6.752411 -7.666445 38.754978 -6.271984 0.978931 -1.869603 19.006191 -20.001522 1.665496 5.097980 -0.616954 1.895936 0.270362 -15.935537 28.198353 -4.062289 30.110634 -0.749060
2.440000 -5.888136 21.675730 -12.485515 5.812799 0.961011 0.428627 2.715528 -11.362244 27.498102 -10.729253 0.022225 -1.646341 9.349057 -21.180683 2.026430 4.251661 -0.806624 1.151223 0.211753 -19.810734 27.324181 -2.850459 35.141178 -0.692906
2.460000 -4.065749 21.437906 -12.179336 4.705120 0.522785 0.118341 8.310799 -12.274121 14.889756 -12.468241 -0.283035 -1.123179 -3.102613 -17.517868 2.415204 3.427720 -0.759672 0.446087 0.108912 -22.922197 25.662853 -1.326669 39.548611 -0.584250
2.480000 -1.638507 18.889288 -11.841558 2.119504 0.408179 -0.039890 14.034524 -11.877961 5.021298 -13.970794 -0.219878 -0.767254 -10.577236 -16.211576 1.503191 4.287549 -0.628833 0.362257 -0.008327 -25.251642 21.695408 1.106511 43.544250 -0.390269
2.500000 1.473985 15.881015 -10.998847 0.284233 -0.096516 -0.144532 20.976374 -12.458923 -2.492927 -13.986008 0.062883 -0.721567 -18.459867 -13.683944 0.286908 4.466194 0.452666 0.890303 0.127481 -28.115263 23.015587 2.560581 43.047478 -0.839187
2.520000 1.979973 14.599876 -9.222206 -1.300589 -0.534725 -0.368175 23.589531 -11.678729 -6.610428 -10.397787 0.330437 -0.681289 -23.625683 -11.990781 -0.312988 7.187548 0.890156 2.082723 -0.474331 -28.815126 23.425303 1.909874 42.012688 -1.075599
2.540000 -0.445821 14.546911 -6.971337 -3.073385 1.782072 1.126496 25.483976 -13.145835 -5.204091 -3.309046 1.727046 -0.721831 -26.115639 -5.541904 0.470828 8.979620 0.472881 2.912951 -0.361399 -28.972818 22.911993 1.822968 40.994621 -1.301404
2.560000 -2.731034 8.585093 -4.029203 -10.477488 5.519391 3.225317 24.845493 -18.566038 -2.558431 3.546891 2.533033 -0.767108 -25.355240 5.738243 0.348352 10.542498 -0.167805 3.245111 -0.819456 -26.965342 20.783232 1.552746 40.616753 -1.443609
2.580000 -3.833262 6.285213 -4.992253 -11.841978 5.171526 3.541394 21.326551 -26.823622 1.708386 7.280605 3.357151 -1.221442 -23.265678 22.247194 1.365413 12.488304 -0.089615 3.104575 -0.185953 -22.571783 17.262880 0.565815 40.906876 -1.664529
2.600000 -3.764137 7.037563 -6.233770 -9.545925 4.230271 3.183363 16.636417 -35.297108 2.829995 6.617049 3.522670 -1.742336 -16.482241 34.202377 0.378772 14.322687 -0.687008 1.551451 -0.210398 -18.224350 12.791553 0.012674 41.567055 -2.883454
2.620000 -3.886247 7.717105 -6.784705 -3.403505 -0.404190 0.329043 10.511463 -39.487793 -0.076429 4.494034 3.256005 -2.099654 -7.533689 35.489475 -0.410883 14.036068 0.249759 0.888906 -0.216294 -14.575328 9.315347 -1.600367 40.900078 -3.034779
2.640000 -3.927812 7.708787 -0.551871 -5.092433 2.794302 2.342146 4.418836 -39.218090 -1.124565 2.428794 3.488727 -2.349479 -2.845543 29.214563 0.298202 12.224311 0.303372 1.507229 -1.021309 -12.593649 6.110393 -2.925115 39.974201 -2.179147
2.660000 -3.959844 5.513278 3.660321 -4.164925 3.208604 1.444695 -0.337818 -39.696194 -3.687020 5.129221 4.041851 -2.396024 -2.315181 24.340187 -1.829735 8.928800 0.149984 0.474423 -0.011076 -11.769764 4.781157 -2.116415 38.779095 -1.424786
2.680000 -6.134457 11.945761 8.690052 -0.406627 4.269020 1.505540 1.415583 -35.311573 -3.526005 4.273424 4.632220 -2.492543 -1.306837 20.430305 0.267357 6.006234 0.025253 -0.364088 -0.814760 -9.736598 4.378375 -1.175789 37.748966 -0.095437
2.700000 -8.916511 14.841503 14.948397 -1.096244 5.836969 2.196679 6.732006 -22.507664 1.122042 -1.470173 2.807369 -2.401935 4.890652 12.645134 -0.351631 2.276558 -1.498531 -0.646996 -0.169524 -8.814989 4.149207 -0.746444 36.473747 -0.576534
2.720000 -12.249994 0.831994 13.145164 -6.333692 5.173228 1.520965 9.446322 -4.510798 3.686482 2.272303 -0.397559 -1.339264 3.183455 11.921334 -0.848367 -0.680250 -0.251593 -1.735610 -0.601473 -7.535007 3.382020 -0.226861 34.118107 -0.808912
2.740000 -14.839501 -12.946174 4.563796 -12.320528 3.374287 0.902994 4.307141 -0.140444 5.825123 -0.327490 -0.746551 -0.753055 -1.003358 11.114929 0.243091 -3.405698 -0.575601 -1.815172 -0.418561 -5.344173 3.271915 -1.307859 32.592007 -0.295034
2.760000 -9.208805 -15.167559 2.683650 -13.037927 2.875324 1.108118 2.401210 -0.587886 5.035815 0.790577 -0.606187 -0.876490 -7.093533 10.116750 0.621956 -4.546555 -1.285885 -1.954377 -0.426573 -4.330498 2.575156 -0.878974 31.568806 -0.740686
2.780000 -4.250733 -12.124153 6.056121 -11.954059 3.522180 2.282533 4.713013 0.855204 3.503945 3.032063 1.225691 -1.519601 -8.304098 14.332208 0.031899 -3.985557 -1.643551 -1.429542 -0.093909 -4.782041 3.381256 1.083781 30.667767 -0.547240
2.800000 -3.025948 -7.470754 9.453188 -9.638477 5.939151 3.416390 10.312756 1.148360 3.141719 6.930973 3.035514 -2.035648 -4.965065 19.506985 -0.378985 -0.717987 -1.645311 0.553380 -0.106611 -5.049536 4.269410 3.441231 30.876553 -0.449304
2.820000 -4.312946 -5.531254 10.063249 -9.374172 8.274388 3.412349 18.176573 -4.294236 -0.493359 7.234497 4.531719 -2.134888 -0.385648 21.751440 -1.410576 4.544291 -1.021541 1.846112 0.135567 -4.873534 5.393936 5.519028 32.195148 -0.487415
2.840000 -3.854225 -6.122375 10.211954 -5.681341 9.007202 3.088831 21.371964 -9.871428 -0.336216 4.603729 4.107362 -1.695171 -0.172301 19.964853 -1.432690 9.150625 -0.011033 2.861496 -0.010059 -3.983535 6.163956 6.556697 32.447556 0.036788
2.860000 -6.301677 -5.940426 9.746625 -3.305460 7.342328 2.704508 21.410357 -13.824678 0.647382 4.243645 4.039218 -1.774937 -3.654703 19.324453 -0.802163 10.757880 0.271733 3.155933 0.088420 -3.564336 6.958345 7.737918 32.417263 0.241416
2.880000 -7.510941 -7.538143 11.244616 -4.090887 5.297232 2.381493 19.996969 -14.713777 2.324991 5.839900 4.174850 -1.929543 -5.169468 16.915596 -0.064015 9.821157 -0.572028 2.549907 -0.049699 -3.075104 7.648936 8.382153 32.552612 -0.044706
2.900000 -9.333888 -6.520740 12.202057 -6.473438 4.756915 2.658020 18.447119 -13.278334 1.676452 6.776450 4.160590 -2.116693 -7.170723 15.840657 0.390459 6.955037 -1.333065 1.849655 0.101845 -2.678861 8.373851 8.724472 32.891808 -0.394702
2.920000 -15.487825 -5.541959 13.163427 -9.287967 5.043472 2.274915 15.459945 -9.322273 0.113271 8.110744 3.825595 -1.992842 -7.549813 16.792229 1.001475 4.627558 -1.321224 1.339344 0.347332 -2.821136 8.317995 8.741857 33.411407 -0.506360
2.940000 -19.417595 -4.768783 17.165260 -10.820644 4.617271 1.609749 14.782751 -7.348804 1.162429 6.902566 3.743604 -1.972418 -5.771783 18.446739 0.963982 3.118265 -1.149617 0.706574 0.178822 -2.733521 8.211926 8.473526 33.874947 -0.387106
2.960000 -18.663626 -6.182210 20.441027 -11.871507 4.183825 0.738289 16.563036 -10.731553 2.215178 5.372791 3.680706 -1.930935 -5.393885 20.863800 1.019207 2.609443 -0.633565 0.919615 0.269696 -2.288741 8.680469 8.469631 34.635429 -0.643986
2.980000 -18.221598 -7.078769 19.052040 -10.962490 4.003158 0.476899 17.396557 -17.418247 2.058832 4.141064 3.492388 -2.104072 -7.262650 24.236202 1.102692 2.641384 -0.464978 1.195514 0.253152 -1.446318 9.743793 8.633108 35.191776 -0.986502
3.000000 -18.715548 -5.641953 16.507433 -7.682136 3.946964 0.413691 18.665907 -22.633265 3.268384 1.775406 3.242970 -2.329541 -10.627638 27.133230 1.175135 3.063769 -0.467909 0.919358 0.431909 -0.484045 10.332791 8.819407 34.653255 -1.229656
3.020000 -18.439499 -5.732890 13.424172 -3.448843 3.993416 0.206025 21.895006 -26.019829 4.311088 -1.704060 3.342023 -2.486268 -12.777127 26.216957 0.403491 3.362856 -0.966529 0.613635 0.488277 0.284588 10.097898 8.594475 31.406620 -1.063811
3.040000 -14.308879 -4.399702 10.249281 0.516001 3.724663 0.023175 26.702570 -25.420877 3.805944 -3.608428 3.521666 -2.693634 -15.510273 21.881454 0.584813 3.319496 -1.079359 0.736623 0.555777 0.652541 9.079394 7.338296 24.979300 -1.090196
3.060000 -11.747103 -3.448185 7.474941 1.097077 3.209879 0.053977 31.616623 -20.388170 0.792033 -4.256011 3.717654 -2.688998 -17.937305 14.117365 1.659407 3.015856 -1.795169 1.083531 0.722394 -0.787704 7.591200 5.509840 17.171707 -0.795564
3.080000 -6.869334 -3.186656 4.809908 0.730403 3.130332 0.354730 34.630966 -15.011119 -3.658740 -2.464942 3.979913 -2.704285 -17.674797 6.171893 2.695808 2.467591 -2.448596 1.496246 0.579560 -3.440032 5.901773 4.059711 9.709722 -0.666982
3.100000 -2.357619 -2.028731 2.442488 -0.769752 3.638674 0.772781 35.163464 -11.830821 -8.643776 -0.577708 4.300523 -2.763422 -16.068508 -0.941573 3.415197 2.787890 -2.408636 1.647856 0.374377 -5.430683 3.898847 2.717248 4.462296 -0.239431
3.120000 1.859059 -0.935886 -0.020389 -1.526616 4.786953 0.999216 37.721706 -8.107368 -13.395813 1.603423 4.014435 -2.666246 -17.139177 -5.324124 2.322836 3.015795 -1.852318 1.194670 0.520398 -5.929791 1.234151 0.530255 -1.849249 0.066452
3.140000 6.912020 -2.515510 -3.676337 -0.372850 6.637118 1.271352 39.190937 -3.809158 -15.138309 3.017461 3.583148 -2.350285 -19.968657 -6.723939 0.644826 2.281275 -0.584756 1.084901 0.555956 -4.436599 -1.285402 -0.810416 -4.485111 0.085633
3.160000 9.267420 -4.028178 -7.217170 -0.669399 8.445297 1.973210 37.487457 -1.319064 -12.395204 4.440459 3.330239 -2.246812 -22.899435 -5.305888 -0.658543 1.957165 0.578322 1.162016 0.232512 -2.600862 -2.351461 -0.890143 -3.834799 0.077985
3.180000 9.517455 -4.343979 -8.363509 -1.649936 9.981808 2.432080 35.834900 2.034482 -8.164594 4.965291 2.547597 -2.140638 -25.551600 -3.319977 -1.004251 2.370167 1.051279 0.890592 0.195620 -1.786095 -2.475680 -0.586141 -3.035367 -0.151847
3.200000 4.667100 -4.606819 -7.708754 -1.224931 9.213161 3.068891 39.064301 4.456127 -2.091804 3.716885 2.578292 -2.128559 -27.243532 -2.195780 -0.521426 2.952107 0.707893 0.382002 0.276887 -2.156501 -2.194784 -0.602913 -2.746296 -0.342660
3.220000 -6.449428 -3.281719 -2.496157 -1.620686 5.534061 2.514202 45.331505 2.817971 3.705752 -2.074905 2.284762 -2.238587 -31.484489 -1.771426 -0.092973 4.041733 -0.347945 0.584772 -0.040295 -2.751195 -2.247482 -0.710740 -1.961401 -0.402463
3.240000 -18.631273 -1.263550 4.712961 -2.151014 0.658007 0.776930 52.516506 1.646945 6.826312 -8.186178 2.423904 -2.331480 -35.834816 -1.519553 -0.113986 4.896361 -0.542231 0.963401 0.212278 -3.298536 -2.651140 -0.506353 -1.576061 -0.148615
3.260000 -23.937466 -2.515246 8.507467 -1.971830 -2.765972 -1.025909 57.117599 2.407437 5.409536 -12.691147 1.058411 -2.332971 -36.482769 -2.191696 -0.745491 5.120000 0.186436 1.245438 0.355095 -3.051582 -1.976139 -0.137742 -1.449434 -0.263092
3.280000 -24.023903 -3.584579 10.828081 -4.878567 -2.706385 -1.020928 55.943081 9.634970 1.496065 -17.872412 -0.612136 -2.291158 -37.394798 -3.189871 -0.965561 6.174390 0.385889 1.338447 0.546835 -2.485377 -0.990223 -0.191836 -1.051276 -0.418970
3.300000 -23.106192 -5.089515 12.693119 -5.961806 -2.041807 -0.541762 52.431278 22.486361 2.836235 -22.802835 -2.647001 -2.317739 -38.550125 -5.521758 -1.526765 7.570740 0.196477 1.494452 0.505812 -2.487510 -0.316008 0.343866 -0.839161 -0.255215
3.320000 -24.253445 -3.331845 16.728935 -4.505454 -0.448458 -0.487074 48.531616 30.624416 6.690209 -26.636532 -3.788190 -2.127849 -37.802055 -7.250996 -2.382113 7.477871 0.505965 1.754974 0.427160 -3.031890 0.371890 0.913495 0.087867 -0.143561
3.340000 -22.225391 -1.687526 18.893211 -6.832472 -1.041475 -1.047351 38.031670 33.876846 8.285518 -28.876348 -4.514894 -1.849937 -31.740835 -6.394839 -2.919187 5.747892 1.199523 1.901016 0.386671 -3.330265 0.401848 0.823488 1.312096 -0.311839
3.360000 -15.351863 -3.939033 16.657444 -14.959602 -3.001686 -1.891270 23.965672 33.252491 6.606678 -28.036549 -5.335947 -1.124136 -19.881258 -5.180461 -2.780799 2.782567 1.658211 0.949139 1.173934 -2.772576 -0.401484 0.567199 1.080730 -0.665938
3.380000 -2.122633 -3.087912 15.168658 -30.216324 -1.797948 -2.357879 9.330045 29.126001 6.454507 -24.269779 -5.605205 -0.390133 -5.850625 -6.380345 -2.075324 0.583031 0.922463 0.335454 1.125545 -1.956702 -0.736160 0.291324 1.049333 -0.815736
3.400000 14.360258 4.392453 18.130699 -32.860592 3.211585 -2.294667 5.681370 24.968933 8.966259 -17.026087 -5.646126 0.138061 -0.755246 -12.394871 -0.920276 0.458667 0.243425 -0.231101 0.463676 -0.350370 0.840275 0.858495 0.716628 -0.082419
3.420000 11.022946 5.581428 22.673830 -18.600143 7.672245 -1.154611 28.113171 23.686472 8.993359 -5.349052 -5.167159 0.069107 -13.361157 -17.602551 0.138498 1.350594 -0.592838 -1.180914 0.554682 0.109597 4.063227 1.695760 -0.026088 0.628692
3.440000 -10.259941 -2.294563 21.905802 -10.875087 3.910058 -1.035854 54.807438 28.691135 3.901991 -2.896499 -2.051752 0.054437 -29.632622 -15.293956 0.814756 3.780094 -1.859132 -0.308909 1.273253 -0.483225 6.761368 1.526224 -1.438996 -0.008308
3.460000 -23.557571 -11.365432 24.443462 -10.144251 -1.410925 -1.135507 63.535591 33.534184 -0.517630 -10.821516 1.290335 0.293340 -35.302277 -5.969429 2.122425 6.414818 -1.587234 1.158031 0.456241 -0.004313 4.810236 1.072761 -3.727674 0.341959
3.480000 -28.161625 -5.153585 28.875893 -5.296142 -1.292510 0.582617 61.144653 38.885296 7.594798 -22.862337 1.093209 0.181736 -39.787888 2.741742 1.402186 8.900514 -1.470332 0.568536 -0.310969 -0.004704 1.846210 0.328559 -3.637016 0.251424
3.500000 -30.326559 5.190102 29.184801 -0.085766 1.357564 3.301680 59.489426 33.022186 21.233801 -41.566387 -2.438232 -0.340684 -33.308800 5.849226 0.754873 7.862109 -0.668083 0.998130 -0.291249 -0.574934 1.382497 -0.466583 -1.331444 0.400725
3.520000 -38.283749 -3.896595 40.105949 -64.465935 0.992427 8.100968 45.717972 -17.769964 24.232512 -139.530212 -20.603544 0.745781 25.713535 -12.489196 2.531469 -4.920601 -1.826771 -4.197934 1.569108 -4.778483 3.544152 -1.237715 0.359554 -0.485936
3.540000 45.923164 17.731598 -56.390869 -97.702316 5.511437 2.967992 -67.180893 8.852696 38.656719 -43.014297 -35.348427 2.349905 66.479576 45.479954 -9.348996 -3.112014 6.928987 0.590791 -1.513841 -3.470279 -3.843293 -2.932722 4.698490 -0.426808
3.560000 52.529488 -28.276085 -45.702766 -80.786171 32.533188 -0.775847 -40.108665 7.336400 7.308468 -55.011284 -23.579294 1.051339 54.971706 28.269583 -3.896343 1.417966 4.423587 3.724066 -1.400735 -0.736078 -9.329755 -1.441448 10.279372 1.565418
3.580000 40.318539 -36.023693 -0.570700 -62.213844 26.568258 5.957020 -27.154099 -45.240364 -8.920546 -87.286484 -15.987971 0.397741 39.469410 -5.832038 -1.030553 13.471093 8.759195 -0.287455 1.205892 -3.318390 -8.854669 -0.063822 -0.416091 -0.987342
3.600000 68.532249 -16.196373 -3.993708 -94.400734 8.631510 -0.808603 -19.995956 -22.113012 -13.928549 -45.662666 -14.877537 -0.076721 20.004528 5.684587 -0.977349 16.071634 0.795690 1.613913 -1.819639 0.907896 -2.292728 0.409292 -0.001784 0.654975
3.620000 54.314121 0.708736 -5.200829 -84.023048 12.225824 -3.826178 -30.838596 9.239334 11.955391 -9.238846 -4.747026 0.855859 29.345705 19.867092 0.949444 8.738625 -1.765318 2.366840 -2.657418 3.651722 0.263105 1.305014 0.481893 -0.047017
3.640000 31.682400 13.294944 5.800800 -65.538246 15.380054 -3.204202 -27.819090 9.104369 8.138253 -41.195156 -5.455355 1.527351 19.457085 10.180392 2.955135 6.020453 -2.292822 -1.215164 0.941642 -3.981564 3.028464 -0.863438 -1.769232 -1.029950
3.660000 38.460979 -15.946718 -21.825377 -63.657383 16.287489 -9.842526 -35.193790 19.087595 -20.983274 24.539610 -7.990955 2.519472 43.504105 -17.755264 6.494092 -1.568918 -3.129216 2.099828 0.018939 -13.684880 8.728267 -2.086552 -3.182726 0.218659
3.680000 30.290525 16.655033 1.518625 -81.585701 8.430149 -8.404042 -30.552261 -18.587368 -8.433076 -16.647684 -0.969522 -0.855053 21.858480 -28.746328 -4.124321 4.607385 -0.409657 -1.910231 0.552977 -6.708339 9.831952 -2.453729 -2.419860 0.699289
3.700000 15.367819 -7.280504 -13.219306 -75.786812 13.948920 -9.383109 0.521560 13.047038 1.877936 27.797775 -1.050465 -0.171643 11.031872 -15.820859 -10.168530 5.830532 1.268711 -2.854412 -1.248359 18.239529 -9.758452 5.682411 2.207219 0.882398
3.720000 28.643709 3.528597 -3.360227 -49.787922 15.396040 -0.991814 -2.955195 -5.894309 17.755600 27.453114 3.699021 0.035958 24.599403 9.505213 -7.983544 5.394717 2.504396 -1.106030 0.081357 12.633878 -18.587917 1.864562 1.766072 -0.512887
3.740000 29.145359 3.278808 -0.755058 -47.106159 16.423077 -3.852052 2.691788 -7.270862 11.117281 0.381238 2.566075 -2.791218 15.400797 -0.505321 -3.063420 5.360257 -0.157196 -0.530960 0.933539 9.394117 -14.978584 -0.759506 -1.288679 0.191472
3.760000 22.746689 -5.878516 -12.894214 -42.873055 16.372635 -9.679449 7.522424 9.292859 -14.169723 20.568567 -0.865929 0.690385 25.215405 0.775236 1.887328 1.569885 -0.990261 -0.325890 -0.690612 6.231548 -9.751327 -0.294429 -1.370971 -0.494827
3.780000 35.725193 4.379931 0.367822 -41.544094 13.559418 -4.264014 2.092369 -4.225248 6.010733 2.848536 1.373992 1.008111 22.966015 -1.528273 3.899593 4.484884 -0.229287 -2.297053 0.003977 1.155626 -6.368218 -3.746840 -2.079470 0.655567
3.800000 20.509048 0.693096 -1.155019 -55.015629 17.307983 -6.158625 1.664714 4.293077 -5.750429 -0.491745 -0.488233 0.622395 9.769115 -4.013411 -0.024589 4.143576 0.671398 1.234164 0.085496 0.674520 -8.325309 -0.446240 1.159773 0.547948
3.820000 28.861650 2.258446 -5.267840 -47.178177 15.136144 -3.190905 -3.140730 3.988105 -0.391169 3.318730 2.985959 0.698073 19.465336 2.421408 -1.751732 3.441726 0.122625 -1.487503 -1.313799 -0.654029 -4.806219 -0.029101 1.401992 -0.577653
3.840000 5.934865 -18.653181 9.573225 -56.903511 6.861541 -7.677776 -5.159581 9.023356 -0.475291 -1.382160 0.109812 0.297852 19.368505 3.246210 -0.090268 4.340482 1.293586 -0.414236 -0.115916 2.284127 -6.408121 -2.638438 -4.262527 -0.002704
3.860000 2.622205 5.727017 -4.243899 -29.450983 7.155086 -1.675255 2.976847 0.954934 -6.186395 -1.571323 1.489193 -0.120506 13.897249 3.802673 -0.400774 0.267775 -0.579324 -1.751492 0.556218 -3.012785 -7.892870 -1.114336 4.217764 -1.552660
3.880000 -16.332504 -6.141054 1.926546 -32.370083 0.319568 -4.744699 -0.153926 -15.854119 5.411960 -20.035526 -1.225900 0.626480 20.767492 2.695829 2.594402 2.685232 0.907776 -1.378317 -0.401375 -1.023393 -4.548278 -1.680529 -0.708129 0.684641
3.900000 -12.263130 3.277912 3.557253 2.355336 -1.573727 -3.184942 0.188862 -9.096931 8.695650 -14.896454 -0.194064 -0.466770 3.783965 11.005463 1.352724 3.601143 -0.524054 2.239848 -0.471944 -2.955267 -1.252640 -0.799050 3.201116 -0.035895
3.920000 -3.846975 14.084937 -8.458358 32.363132 -1.351778 2.855438 -12.428431 -14.372242 8.728979 -8.721971 -1.249582 -0.394914 -13.014805 9.323528 0.037694 4.019915 -0.934846 0.847654 0.208643 -1.233089 2.500332 0.233603 0.771308 -0.006348
3.940000 11.974056 18.358402 -4.786734 11.854941 -4.025002 0.976789 -3.565745 -13.500784 12.749430 -6.887757 -4.185587 -0.439630 -11.826212 0.051217 3.075186 2.308451 0.273037 1.429143 -0.907980 3.043773 3.688465 0.845227 -2.219193 -0.185095
3.960000 7.497007 26.535315 -7.521716 -11.957280 -1.584692 0.000746 0.985959 -11.139747 7.165114 0.944996 -2.742492 0.160326 -7.107006 -3.427678 0.816512 0.604997 -0.909699 1.013500 0.260904 3.472092 1.419933 0.928264 -0.196984 -0.639498
3.980000 0.468435 26.438440 -7.549141 -31.141621 0.886698 0.143661 1.716800 -10.479386 6.602243 -1.263319 -0.948167 0.002168 2.893535 -4.847035 -1.593619 -0.293473 0.382674 -0.751920 -0.861383 -0.254895 0.246631 -0.208184 -0.205563 0.602442
4.000000 -7.597062 8.417198 -3.406037 -26.832529 4.396458 -0.299530 -5.995227 -9.789923 8.085094 2.977822 0.486186 0.361213 14.693141 -1.910650 -3.565768 0.237063 -0.928894 -0.847852 0.564000 -4.690945 -2.935390 -0.467358 -0.278807 0.024070
4.020000 -16.434767 1.408259 4.043684 7.854336 2.113475 -0.646367 3.316329 -5.841613 10.375935 1.109619 1.432183 0.203951 6.973799 1.807141 -2.269400 1.666494 1.023273 -1.500795 -0.619976 -5.067225 -1.819960 -1.557478 -0.338291 0.832790
4.040000 -21.891218 -3.287423 5.668861 7.954683 -5.677877 -0.316513 8.983029 -9.074208 11.883340 0.649110 0.121089 -0.383667 -1.620411 3.070448 -0.155674 0.580608 0.694135 0.751168 0.629139 -1.021291 0.098803 -0.805219 0.655994 0.328132
4.060000 2.159622 10.907307 4.356575 -0.631553 19.758686 -1.194437 9.707583 -5.882833 6.832061 -5.372854 -1.813639 -0.426835 -4.245645 4.541367 1.861205 -0.244282 -0.003242 0.113017 -0.994898 -0.452934 -0.505853 0.592191 1.285307 0.212737
4.080000 19.752329 20.682077 -0.441487 -21.594620 25.582037 -2.963531 10.201988 -7.394135 1.622866 -3.228508 -2.101861 -0.729993 13.299954 3.758716 0.855942 -3.005387 -0.384389 -1.117356 0.154435 1.194811 -5.333786 0.401925 -1.648116 -0.257370
4.100000 18.420687 31.933229 -5.638747 -25.054110 22.172461 -3.437042 3.169396 -8.220524 -1.644716 12.262155 0.121538 -0.747504 15.836790 2.372716 0.036472 -1.485497 -0.396077 -2.066512 0.081774 -0.923454 -5.739522 0.251309 0.553033 0.727107
4.120000 10.385851 36.695015 -10.506754 -34.982002 17.710239 -3.846335 -10.918464 -4.626429 -2.050316 27.286949 2.112429 -1.022819 14.265881 -0.855215 -0.277626 -0.022081 -0.329048 0.478453 -0.216123 -1.382967 -5.237533 -1.051487 0.257774 -0.420196
4.140000 5.156975 32.399464 -9.969239 -40.456772 19.191042 -4.228795 -4.188216 -0.302840 -1.425096 28.405790 4.654373 -0.225076 11.068892 2.164336 0.109524 3.991378 -0.737251 0.483308 0.632852 -1.536147 -5.308077 -0.443420 0.266932 0.465931
4.160000 -4.808733 23.431986 -6.281731 -43.004303 16.775801 -5.136102 6.541177 4.724504 -1.095106 20.132238 3.061001 0.203131 9.746553 2.832271 1.127643 6.004981 0.900764 1.190654 -0.151574 -0.251890 -5.926921 -0.471665 1.488311 0.178900
4.180000 -6.752392 20.883179 -6.847959 -41.918736 16.588768 -5.539878 6.771762 5.252665 -4.835523 8.415936 0.824172 -0.163586 9.119459 4.776535 -0.614696 6.178512 0.870130 2.056073 -0.156968 -1.061054 -6.497600 -0.198580 0.876798 0.086667
4.200000 -3.885965 12.976279 -4.649419 -37.578472 15.710680 -4.217811 4.633139 1.409299 2.620881 -5.342649 -0.404760 -0.297108 13.642270 6.651860 -0.595423 5.353424 0.014253 -0.089899 0.063942 -2.438239 -5.080065 -1.488404 -0.736125 0.174245
4.220000 -8.194848 7.809302 -4.113904 -28.680847 9.112519 -2.651363 7.123024 -0.639913 0.919312 -2.945391 -2.514215 0.129584 17.776110 7.703218 0.498948 2.249649 -0.874670 -1.036900 0.037566 -4.419624 -2.723163 0.179955 -0.593294 -0.384111
4.240000 -16.946074 3.394154 -4.338750 -27.211330 4.096911 -2.292856 11.213427 -2.733492 0.089867 -0.369492 -2.257983 2.704753 11.406371 7.310009 1.681260 2.366311 0.077639 -2.042031 -0.096465 -4.048206 -2.663701 -0.473635 -1.085613 0.157028
4.260000 -11.203829 4.614726 -2.538468 -24.655125 5.856442 -1.663077 4.246762 -3.352231 0.667222 2.446126 -1.865812 1.237039 7.487587 6.948501 1.694452 1.953577 0.226785 -0.071319 -0.364873 -4.649583 -4.021815 -1.010437 -0.290258 -0.126402
4.280000 -7.121243 4.138287 -1.461198 -20.029848 10.763824 -0.912359 -1.677457 -2.839942 1.834457 2.815341 -1.051973 0.760389 10.941426 4.543746 0.853445 1.291017 0.591725 -0.306295 -0.020691 -4.549349 -5.218374 -1.078869 -0.695408 0.187350
4.300000 -1.461862 4.955435 -1.971226 -13.108696 14.171101 -0.281217 -1.880782 0.063418 1.036638 -0.254567 -0.880907 0.218498 12.737739 2.002856 -0.368463 1.513759 0.028515 0.165255 0.360393 -2.895743 -4.672493 -0.435980 0.188666 0.199573
4.320000 -0.019501 2.475570 -2.597584 -9.090236 18.907785 0.209593 0.970922 2.462408 -0.551295 -3.525122 0.296023 0.359974 10.705545 1.036400 -1.222343 3.688545 0.188083 0.505016 -0.029592 -1.661160 -3.783724 -0.188676 0.344305 -0.050922
4.340000 0.783601 -4.472503 -2.247912 -4.017240 23.032084 1.200333 5.118298 1.352645 1.360907 -5.749327 2.218961 0.942308 8.104327 0.466056 -0.677320 5.272278 0.610652 -0.084176 0.057804 -1.313861 -2.825247 -0.335113 0.160868 0.158384
4.360000 -0.943566 -13.461629 -0.138947 2.085119 24.370083 2.106593 11.736476 -1.348840 4.932677 -7.418557 5.711364 0.965217 8.176869 0.206936 -0.521277 5.661618 0.327919 0.130783 -0.028354 -0.864405 -3.163796 -0.134474 -0.669079 0.058636
4.380000 -7.782581 -17.919561 2.169380 8.471034 21.755795 2.639642 16.237474 -1.959768 7.329689 -6.071067 10.034137 0.325356 6.488742 -2.718640 -1.273153 4.790586 0.191762 -0.244708 0.173949 -0.502559 -3.208118 -0.142506 -0.708783 -0.015988
4.400000 -11.558192 -18.021267 3.311774 4.405668 14.027122 1.224013 20.748278 -1.638098 8.244506 -6.350636 13.623680 0.351494 3.061167 -3.093640 -1.455949 3.414384 0.388719 -0.016521 0.184867 0.542671 -2.487485 -0.427756 -0.411057 0.183113
4.420000 -18.427647 -16.677328 2.142068 -1.613122 0.760800 0.444716 25.124039 -2.703441 8.757088 -8.698449 17.361048 0.987481 -0.767480 -0.094571 -1.549637 2.529235 0.342141 0.268493 0.075978 0.508174 -2.222299 -0.344181 -0.894397 0.219764
4.440000 -16.565298 -17.211100 1.376186 -1.370570 -4.149200 -0.723527 25.261724 -2.938588 9.019230 -12.884311 18.509865 2.031058 0.473467 1.652392 -1.004068 3.019950 0.233076 0.101390 -0.316420 -0.551553 -1.432638 -0.210318 0.492653 0.143548
4.460000 -12.813308 -11.384156 3.288514 -3.858223 -1.106890 -0.791411 18.684113 -3.797237 6.889169 -16.402067 16.046949 2.257543 0.716329 -0.280237 -0.799028 4.581015 0.581549 -0.166564 0.079595 -0.183808 -2.055605 -0.380901 -0.263925 0.064945
4.480000 -8.989298 -6.185234 4.263440 -9.472674 0.783772 -1.046248 13.458470 -6.140058 3.707024 -15.500934 10.934928 1.973438 1.238424 -2.989119 -1.147790 6.185681 0.484568 0.036685 -0.107319 1.071497 -2.793562 -0.003496 -0.622798 -0.040848
4.500000 -7.431468 -2.919028 2.443538 -10.011627 2.457577 -1.440409 8.872447 -7.168645 1.610137 -12.228850 4.883045 1.835971 0.226684 -3.185217 -1.348113 6.960756 0.604772 0.477460 -0.093982 1.401429 -3.123483 0.273994 -0.336931 -0.057743
4.520000 -6.205543 -1.234576 1.525883 0.599730 4.405653 -0.864124 4.339758 -4.511448 1.946967 -9.652311 0.424186 1.865960 -1.759922 -0.979089 -1.074188 7.009301 0.959670 0.370333 -0.241268 0.469783 -2.538279 -0.437866 0.306436 -0.019603
4.540000 -8.325121 -4.912833 -6.821488 -4.041423 12.748538 0.626278 1.747434 -0.815507 5.192947 -7.557698 -0.243238 1.580965 -3.740451 1.220750 -1.047499 4.777404 0.433282 0.838160 -0.059355 -0.741204 -2.948902 -0.689758 0.497597 -0.182822
4.560000 -4.597772 -8.169098 0.211623 -4.294035 10.694894 -0.450762 5.136214 -1.626542 8.201317 -12.739576 0.666367 1.823851 1.774157 2.774754 -0.205386 3.243136 0.521135 0.281972 0.072312 -0.998680 -3.399111 -0.568846 0.079151 0.315578
4.580000 -9.409658 -7.016933 0.976958 -5.902092 6.710992 -0.824263 8.957100 1.511500 7.359117 -15.380078 1.671189 1.788080 1.027556 -1.171281 0.204762 2.038373 0.467849 0.080165 -0.086649 -0.092411 -4.031716 -0.175050 0.113528 0.069947
4.600000 -8.621456 -8.501042 0.179250 -7.002514 4.395620 -0.716411 8.627622 1.947355 7.433048 -16.013731 3.388096 2.224404 0.010186 -3.903372 -0.138434 2.859017 0.048482 0.248632 0.052890 0.270578 -3.155732 -0.469919 0.008614 0.196354
4.620000 -12.561025 -9.792817 -0.266138 -7.290658 3.196984 -0.531832 12.928533 0.850062 9.283705 -17.842232 4.446933 2.542844 -2.046902 -2.847182 -0.677178 3.508187 -0.420103 -0.603817 0.160275 0.511823 -2.698344 0.062287 -0.347751 -0.104848
4.640000 -11.249655 -13.100051 -0.595072 -5.860874 1.251577 -0.418413 14.385002 0.185478 10.272496 -18.527983 3.869958 2.793469 -0.004297 -0.491697 -0.177410 3.614997 -0.133116 -0.964888 0.183419 0.834860 -2.915112 -0.005817 0.263917 -0.021425
4.660000 -11.082592 -12.233711 -1.245153 -8.106958 0.595361 -0.672544 12.109954 0.635502 9.643824 -15.825195 2.752554 2.372715 -2.364970 -1.139750 -0.300298 4.399461 0.307228 -0.067056 -0.336425 0.931694 -2.353302 0.276432 0.068007 0.192407
4.680000 -8.027606 -11.053671 -3.200326 -8.506978 -0.325564 -0.425065 8.166853 0.023555 8.552591 -18.719646 1.702434 2.480238 1.603567 0.559630 -0.159675 4.465933 0.298517 0.138604 0.143812 0.396515 -2.456911 -0.270821 0.027924 0.123026
4.700000 -10.274355 -13.308617 -3.086226 -7.163434 -1.001533 -0.422974 9.129770 -0.517887 8.064439 -19.084774 1.463487 2.305466 3.567556 -0.334534 -0.344593 3.964766 0.282261 0.377590 -0.146926 -0.135570 -1.820796 -0.056178 -0.310987 0.147252
4.720000 -11.936049 -13.704375 0.699717 -3.875481 -1.743188 0.223424 7.804349 0.113049 9.362072 -21.341904 0.343374 2.908824 3.239132 -0.282029 0.049350 4.000212 -0.022419 -0.346971 0.267083 -0.420017 -1.864288 0.129955 -0.494960 -0.253319
4.740000 -13.525315 -12.974435 3.223953 -4.074201 -1.284593 -0.248647 9.493406 -1.166251 8.383062 -20.358154 -0.785418 2.880409 0.294624 -1.796507 -0.289912 4.342733 0.379651 0.217923 -0.177409 -0.068446 -1.999045 0.029361 0.102542 0.169194
4.760000 -14.378984 -10.303075 4.668343 -6.625021 -0.886446 0.162071 10.616406 -3.751823 6.783695 -17.954185 -1.082563 2.512650 -0.544296 -3.282129 -0.436981 4.742952 0.454566 0.211243 0.160530 0.175235 -1.447035 0.153020 -0.011681 0.029365
4.780000 -14.587940 -8.485144 4.242167 -7.541042 -0.393202 0.233314 11.801521 -4.572018 5.605108 -15.988623 -0.586985 2.350427 -1.421185 -2.954146 -0.584973 4.387717 0.510324 0.278599 -0.067982 0.505129 -1.665184 -0.084624 -0.339605 -0.032786
4.800000 -14.115602 -8.507459 4.267594 -7.189463 -0.053418 0.393062 11.865687 -5.014481 6.188242 -16.615578 0.177637 2.493088 0.599911 -1.530612 -0.263765 3.876156 0.557444 -0.026515 0.034202 0.442369 -2.012764 -0.310838 -0.287608 0.079547
4.820000 -15.190907 -9.542693 4.596612 -7.234299 0.219378 0.454900 11.661972 -4.858916 6.228440 -16.442301 0.184789 2.672112 1.226984 -1.254276 -0.235244 3.734079 0.462476 -0.057635 0.039468 0.378122 -2.305025 -0.275860 -0.326931 0.042809
4.840000 -13.890301 -10.669346 4.604885 -7.015803 0.767597 0.254601 11.678720 -5.309660 5.915044 -16.960106 0.388612 2.798631 3.137509 -0.724009 -0.115636 4.121150 0.281397 -0.035440 0.005056 0.220645 -2.614177 -0.029558 0.094706 0.089264
4.860000 -13.573064 -11.657575 4.825494 -7.932846 1.220821 0.131838 12.202331 -5.586155 5.099350 -17.980803 0.310508 2.895479 2.316298 -0.916928 -0.155073 4.525364 0.295641 0.159728 0.016046 0.250256 -2.782478 -0.151531 -0.101505 -0.046557
4.880000 -12.651306 -11.328525 4.906231 -7.253222 1.370097 0.003728 12.215075 -5.925833 4.758728 -19.318237 0.078307 2.962086 1.913045 -0.219068 -0.069041 4.905428 0.128934 0.095172 0.072135 -0.049408 -2.994596 -0.162426 -0.070580 -0.126939
4.900000 -12.667600 -11.279569 4.916504 -7.554235 1.019028 -0.123803 11.701615 -6.414999 4.197722 -19.887289 -0.933723 2.999208 0.699931 -0.285082 -0.116036 4.952533 0.233287 0.182603 0.005585 -0.275650 -3.135790 -0.136198 -0.134925 -0.030454
4.920000 -11.012060 -10.592543 4.468172 -5.304632 0.579755 -0.092000 10.643028 -6.571239 3.944959 -21.681246 -1.883024 3.060284 -0.622233 0.358897 -0.061563 4.883887 0.096032 0.065585 0.057304 -0.541886 -3.145480 0.003692 -0.140445 0.010489
4.940000 -11.197725 -10.742530 4.220214 -3.595464 -0.033834 -0.087635 10.257986 -6.690026 3.462564 -22.754993 -2.883636 3.010067 -0.723245 0.493152 0.159913 4.507358 0.067581 0.203960 0.004352 -0.472072 -2.950372 -0.109861 -0.206909 -0.046938
4.960000 -11.413124 -12.215382 4.351768 -2.552131 -0.758628 -0.156872 8.554988 -6.363564 3.241708 -23.637220 -4.171305 3.032030 -0.852506 1.056899 0.517953 4.279405 0.177922 0.271503 -0.032177 -0.440802 -2.751297 -0.088494 -0.254424 -0.059097
4.980000 -11.348042 -13.070907 4.378655 -3.125379 -1.323390 -0.259285 7.735573 -6.157139 3.271621 -22.680828 -5.047358 2.978848 -0.291383 1.394993 0.655344 4.087583 0.318596 0.246336 0.014272 -0.575382 -2.671492 -0.102491 -0.210644 -0.089618
5.000000 -10.975853 -11.881697 3.776645 -4.091191 -1.722356 -0.321874 7.839824 -5.732386 3.159255 -20.785067 -5.257488 2.802619 1.334685 1.453554 0.597614 3.878850 0.367113 0.252016 -0.071510 -0.685424 -2.524080 -0.239649 -0.180498 -0.002931
5.020000 -11.061386 -10.607082 3.155514 -5.976029 -2.007852 -0.253869 7.831750 -4.904684 2.688273 -18.774223 -5.342997 2.631758 1.971848 0.757025 0.633400 3.784620 0.466395 0.270358 -0.029514 -0.596957 -2.503138 -0.368394 -0.218625 -0.022915
5.040000 -10.103096 -10.187286 3.077588 -7.027279 -2.072462 -0.409485 5.989966 -3.894520 2.470310 -19.905760 -5.933208 2.657185 1.936222 0.734510 0.510575 3.921816 0.436540 0.119976 -0.039552 -0.562290 -2.743165 -0.387867 -0.062191 0.051312
5.060000 -9.190102 -10.067948 3.068683 -7.368760 -2.052928 -0.627196 3.772512 -3.731727 2.428960 -21.119123 -6.817179 2.648644 1.639240 0.189630 0.311595 4.085654 0.396544 0.095049 0.011733 -0.558671 -3.060737 -0.341998 -0.062944 -0.008192
5.080000 -7.349359 -9.623308 2.903326 -6.780382 -1.901664 -0.753510 1.211140 -3.781560 2.236075 -21.703375 -7.613761 2.557188 1.107800 -0.272705 0.042145 4.231698 0.310004 0.172373 -0.007233 -0.552249 -3.339838 -0.270697 -0.154343 -0.028752
5.100000 -6.307165 -9.305475 2.842353 -6.751681 -1.789246 -0.898222 -0.944871 -3.997521 1.993449 -22.277807 -8.290511 2.500823 1.114590 -0.499566 -0.137997 4.064494 0.239378 0.230094 -0.022226 -0.322335 -3.562747 -0.262758 -0.147637 -0.054689
5.120000 -5.799417 -8.987966 2.735733 -6.719127 -1.835056 -1.060535 -1.204285 -4.089056 1.637457 -21.839289 -8.702362 2.405629 2.097967 -0.561252 -0.172424 3.807497 0.214670 0.168140 -0.024887 -0.109084 -3.613978 -0.192878 -0.076134 -0.008676
5.140000 -5.430137 -8.628097 2.584620 -6.915232 -1.828328 -1.151635 -1.008401 -4.169564 1.321038 -20.474722 -8.756917 2.336498 3.554486 -0.554056 -0.143851 3.615518 0.197056 0.030076 0.003127 -0.039413 -3.487467 -0.178623 -0.057928 -0.022358
5.160000 -4.786436 -8.085452 2.390905 -7.365609 -1.743592 -1.178689 -0.779155 -4.067881 1.058991 -19.371811 -8.503890 2.274371 4.956135 -0.349790 -0.086167 3.389982 0.188452 -0.088079 -0.000762 -0.059068 -3.256886 -0.159342 -0.047444 0.016497
5.180000 -4.924009 -7.468048 2.334030 -8.433352 -1.853149 -1.200920 -0.062964 -3.833679 1.000921 -17.658037 -8.188766 2.133548 6.078555 -0.095272 0.032520 3.199591 0.251219 -0.147439 0.025628 -0.119897 -2.995944 -0.172745 -0.021903 -0.046457
5.200000 -5.720805 -6.261858 2.143949 -9.979124 -2.110277 -1.301579 0.235184 -3.320388 0.845837 -15.318016 -7.843408 1.946345 7.179872 0.021703 0.098199 3.062842 0.236013 -0.109360 0.021475 -0.178654 -2.988668 -0.179444 -0.060950 -0.028639
5.220000 -6.571394 -5.383041 1.963011 -11.784465 -2.216701 -1.368513 0.580045 -2.798948 0.797402 -13.450743 -7.461256 1.749536 7.973662 -0.118256 0.110901 3.031817 0.197305 -0.110691 0.008888 -0.123366 -3.129956 -0.160537 -0.032817 -0.017329
5.240000 -6.458539 -5.189361 2.134915 -12.908064 -2.091166 -1.442838 0.543675 -2.414876 0.987198 -13.496060 -7.311792 1.647644 8.403291 -0.073209 0.082971 3.249435 0.261816 -0.170535 -0.024200 -0.065326 -3.230907 -0.219285 0.123215 0.013965
5.260000 -6.012484 -5.251041 2.174333 -13.286357 -1.852951 -1.549902 0.082636 -2.261229 0.915249 -14.035256 -7.392809 1.653138 8.540036 -0.249594 -0.077771 3.505621 0.337221 -0.188602 -0.012446 -0.072452 -3.342638 -0.279822 0.099005 -0.012129
5.280000 -5.274900 -4.998610 1.849807 -13.249350 -1.440910 -1.662972 -1.211589 -2.598823 0.694960 -14.314489 -7.362325 1.652184 8.533663 -0.340264 -0.211504 3.737046 0.400593 -0.188619 -0.001485 -0.213553 -3.407384 -0.277929 0.015220 -0.024163
5.300000 -4.879847 -4.425584 1.474787 -13.256959 -1.029444 -1.776051 -2.718938 -2.962557 0.566923 -14.093522 -7.235748 1.630384 8.477448 -0.318278 -0.268454 3.796862 0.392509 -0.134555 0.012608 -0.298974 -3.498675 -0.264198 -0.109978 -0.047999
5.320000 -4.758581 -3.509186 1.260940 -12.864572 -0.906471 -1.837561 -3.027995 -3.078827 0.526026 -13.270120 -7.047438 1.542653 8.948019 -0.092362 -0.192717 3.675113 0.342852 -0.103390 0.018092 -0.365113 -3.673449 -0.201103 -0.098432 -0.060894
5.340000 -5.052833 -3.099303 1.296824 -12.689535 -0.808512 -1.859939 -2.532414 -2.835240 0.213694 -13.132743 -6.822771 1.487138 9.294800 0.060666 -0.048577 3.539447 0.280288 -0.110798 0.005770 -0.363279 -3.733575 -0.188510 -0.048433 -0.004922
5.360000 -4.993218 -3.301674 1.415274 -12.614111 -0.548850 -1.848393 -1.955493 -2.637398 -0.012885 -13.437948 -6.561582 1.526681 9.043967 0.159564 0.021104 3.425529 0.231191 -0.179623 0.030419 -0.336955 -3.552232 -0.168716 -0.027027 0.006050
5.380000 -5.206991 -3.816910 1.709619 -12.872442 -0.323166 -1.862286 -1.837950 -2.803898 0.152286 -13.125096 -6.321392 1.591872 8.754636 0.425110 0.034597 3.336738 0.253106 -0.189905 0.023250 -0.411862 -3.344380 -0.209229 0.009462 -0.072749
5.400000 -5.747148 -3.813524 1.697930 -12.987347 -0.237627 -1.944281 -1.185969 -2.822715 0.156823 -11.884951 -5.930790 1.605398 8.791121 0.555959 0.057039 3.319868 0.286498 -0.146245 0.020010 -0.436023 -3.306926 -0.179726 -0.003871 -0.023102
5.420000 -6.031738 -3.520223 1.426778 -12.357761 -0.067176 -1.986804 -0.160213 -2.586750 0.131687 -11.005527 -5.405571 1.606224 9.031214 0.347039 0.128903 3.346475 0.271595 -0.150385 0.017432 -0.338472 -3.296269 -0.215143 -0.015921 0.006969
5.440000 -5.876680 -3.428774 1.422237 -11.845737 0.245606 -1.977682 0.189411 -2.372183 0.377385 -10.444162 -4.845652 1.648436 9.070330 0.259289 0.177450 3.308344 0.232016 -0.170878 0.035958 -0.262531 -3.330695 -0.285392 0.000521 0.003214
5.460000 -5.813097 -3.608693 1.591019 -11.518263 0.533178 -1.953059 0.345054 -2.259329 0.690076 -9.711133 -4.377918 1.656114 8.659311 0.176343 0.165617 3.310473 0.250325 -0.112746 0.034779 -0.234260 -3.390708 -0.278567 -0.003095 -0.010515
5.480000 -5.781426 -3.674185 1.628595 -11.011089 0.787141 -1.942520 0.546003 -2.050364 0.725902 -9.323731 -3.995730 1.693184 8.137838 0.102756 0.138122 3.340631 0.251499 -0.073937 0.028874 -0.160259 -3.421634 -0.259781 -0.017775 0.002612
5.500000 -5.865161 -3.605322 1.545535 -10.950096 0.947896 -1.944102 1.399501 -1.605900 0.506569 -9.027171 -3.542709 1.765001 7.655529 -0.117736 0.192301 3.340855 0.227564 -0.064071 0.034112 -0.008560 -3.430084 -0.231011 0.002977 0.002266
5.520000 -6.140117 -3.713561 1.682430 -10.944998 1.010728 -1.923727 2.410294 -1.311368 0.518006 -9.017393 -3.054938 1.854399 7.024085 0.012882 0.218848 3.387961 0.233521 -0.116682 0.016241 0.019065 -3.507993 -0.247448 0.021062 -0.026257
5.540000 -7.074968 -3.738902 1.821772 -10.603272 0.977488 -1.869185 2.922800 -1.600448 0.840727 -8.159173 -2.575716 1.897669 6.364350 0.193435 0.159658 3.491623 0.295406 -0.092121 0.008009 -0.081329 -3.631538 -0.260533 -0.014466 -0.029530
5.560000 -7.423658 -3.440082 1.744001 -9.866220 0.983949 -1.781864 3.349338 -2.053173 1.142027 -7.143993 -2.128096 1.903332 5.920313 0.217134 0.157115 3.611428 0.363187 -0.043479 0.004548 -0.123733 -3.670001 -0.302875 -0.011377 -0.011006
5.580000 -7.535446 -3.458414 1.803589 -9.658830 1.046633 -1.712209 3.873956 -2.109750 1.137798 -7.632646 -1.739260 1.954599 5.639606 0.213668 0.207185 3.561643 0.353641 -0.059745 -0.010275 -0.037847 -3.662991 -0.313799 0.034395 0.012404
5.600000 -7.879362 -3.981205 1.996658 -9.647585 1.130195 -1.642146 4.769655 -2.005201 0.957605 -8.684515 -1.215877 2.074535 5.089169 0.199115 0.184662 3.501951 0.302940 -0.143787 0.004560 -0.030504 -3.639035 -0.294649 0.032884 0.002514
5.620000 -8.289836 -4.520082 2.187031 -9.336679 1.239808 -1.555787 5.190758 -2.256838 0.978356 -9.259255 -0.577022 2.209261 4.130986 0.306786 0.059240 3.536321 0.290341 -0.177572 0.013565 -0.234938 -3.640221 -0.331005 0.038738 -0.026098
5.640000 -8.776354 -4.585655 2.215914 -8.995017 1.375751 -1.464468 4.722443 -2.915416 1.221773 -8.989130 0.053372 2.249434 3.425297 0.440202 -0.013493 3.578331 0.305408 -0.093971 0.027063 -0.450884 -3.716440 -0.346335 -0.000493 -0.029371
5.660000 -8.804767 -4.428150 2.129820 -8.740017 1.564862 -1.382672 5.093565 -3.495565 1.453126 -8.683900 0.702955 2.209292 3.371218 0.494891 0.114698 3.577999 0.275910 -0.043516 0.043101 -0.447699 -3.801359 -0.301572 -0.010806 -0.012767
5.680000 -8.751986 -3.921712 2.014355 -8.451303 1.759014 -1.308461 5.647992 -3.803237 1.629741 -8.966476 1.510294 2.223266 3.460405 0.585751 0.223262 3.520669 0.268264 -0.055886 0.058055 -0.358243 -3.879012 -0.308615 -0.010006 -0.000949
5.700000 -9.119550 -3.225375 1.853307 -8.267254 1.900075 -1.188221 6.046413 -4.162344 1.880501 -8.714465 2.504235 2.238419 3.168961 0.681076 0.215597 3.511442 0.276000 -0.015770 0.054896 -0.433613 -3.939527 -0.354793 -0.018060 -0.038339
5.720000 -9.360871 -2.595887 1.698918 -8.360798 2.120908 -1.066446 6.494421 -4.711359 2.211208 -8.249549 3.440769 2.209921 3.246301 0.907440 0.311957 3.541399 0.290736 0.084044 0.044337 -0.510087 -3.917377 -0.366844 -0.004991 -0.023257
5.740000 -8.914307 -1.672682 1.524579 -8.609867 2.525950 -0.988991 7.101622 -5.162074 2.470505 -7.747628 4.362297 2.141416 3.866522 0.918228 0.521105 3.595006 0.259509 0.155099 0.051670 -0.401409 -3.855984 -0.312590 -0.047456 0.007823
5.760000 -7.875763 -0.095800 1.300402 -8.638435 3.039104 -0.928628 8.092010 -5.541565 2.683140 -6.653228 5.587935 2.091407 4.523917 0.812515 0.694415 3.667792 0.204354 0.151580 0.054609 -0.183399 -3.772537 -0.216726 -0.011603 0.000434
5.780000 -7.524576 1.309780 1.211791 -8.691346 3.484192 -0.898197 8.777551 -6.027038 2.800226 -5.494553 6.993185 2.078501 4.818829 0.817841 0.758225 3.684667 0.199555 0.191110 0.023610 0.047293 -3.641883 -0.167622 0.059996 -0.030933
5.800000 -7.283081 1.820226 1.300536 -8.320837 3.836317 -0.902977 9.837914 -6.379086 2.788176 -4.704408 8.269849 2.101529 4.904173 0.784751 0.904881 3.658659 0.210260 0.213915 -0.013777 0.325750 -3.315997 -0.161273 0.091854 -0.018642
5.820000 -6.734037 1.741279 1.484552 -7.787059 4.213899 -0.917891 10.577913 -6.687337 2.691033 -4.362448 9.250748 2.145788 4.873147 0.561928 1.054973 3.620908 0.219720 0.201319 -0.036853 0.594646 -2.924055 -0.163277 0.070983 0.009071
5.840000 -6.066476 1.482278 1.758381 -7.256859 4.640272 -0.927009 10.827346 -7.158365 2.657102 -4.051823 10.011107 2.184768 4.531909 0.246068 1.021400 3.589405 0.215775 0.160643 -0.058123 0.760791 -2.686017 -0.116148 0.019009 0.005303
5.860000 -5.912972 0.953212 2.016031 -6.703855 5.043262 -0.932685 10.787498 -7.575688 2.572186 -3.854254 10.548383 2.207869 4.223622 -0.058567 0.866934 3.487192 0.210249 0.131553 -0.064323 0.867288 -2.607138 -0.084476 0.020320 -0.018963
5.880000 -6.051589 0.230181 2.236449 -5.998045 5.426611 -0.931728 10.290683 -7.589421 2.411086 -4.113325 10.877679 2.258253 4.051184 -0.333146 0.678163 3.364997 0.213225 0.078541 -0.063422 0.902710 -2.646870 -0.105731 0.028128 -0.022841
5.900000 -6.202527 -0.443180 2.573963 -5.346367 5.749284 -0.921093 9.724410 -7.160311 2.312297 -4.701200 11.132718 2.329009 3.768913 -0.526975 0.538349 3.280921 0.217645 -0.007166 -0.057755 0.886268 -2.769029 -0.112971 0.035082 -0.012997
5.920000 -6.606853 -1.097964 3.023136 -5.076917 5.960778 -0.893001 9.195621 -6.764321 2.257727 -5.381187 11.309040 2.392484 3.514102 -0.581878 0.435575 3.273118 0.259027 -0.061602 -0.050812 0.826204 -2.958400 -0.119123 0.054455 0.003022
5.940000 -7.132983 -1.763969 3.450330 -5.308949 6.093006 -0.862865 8.992228 -6.584969 2.149874 -5.847788 11.394324 2.425628 3.344993 -0.749220 0.345486 3.353166 0.308638 -0.054400 -0.038172 0.710669 -3.123113 -0.136167 0.081011 0.007460
5.960000 -7.739648 -2.273777 3.744559 -5.797350 6.179792 -0.835984 8.722987 -6.399043 1.886950 -6.324226 11.428325 2.443256 3.320751 -0.841667 0.234798 3.442934 0.324926 -0.048946 -0.022682 0.584062 -3.291528 -0.155861 0.111789 0.012649
5.980000 -8.358821 -2.815332 3.992827 -6.254561 6.217815 -0.801965 8.822491 -6.156569 1.656765 -6.776717 11.463441 2.460372 3.398025 -0.778563 0.203137 3.510950 0.314460 -0.078169 -0.010239 0.484354 -3.450854 -0.172249 0.111998 0.003697
6.000000 -9.072448 -3.454006 4.252257 -6.591363 6.122740 -0.756062 9.023963 -6.054134 1.586207 -7.238392 11.468615 2.470035 3.501683 -0.578338 0.247090 3.572468 0.304697 -0.089400 -0.000646 0.402038 -3.562077 -0.202966 0.095871 0.005001
6.020000 -9.800290 -4.108842 4.433315 -6.812126 5.922817 -0.710550 9.116096 -6.205944 1.655376 -7.686265 11.487291 2.484967 3.571804 -0.348197 0.290615 3.629378 0.304529 -0.073745 0.003280 0.293314 -3.629478 -0.233806 0.078514 0.001949
6.040000 -10.435563 -4.605098 4.465994 -6.947086 5.736850 -0.653634 9.111871 -6.484061 1.754460 -8.151587 11.606087 2.489292 3.621326 -0.140579 0.309394 3.655505 0.305865 -0.051216 0.008730 0.160824 -3.671955 -0.258808 0.059508 0.004852
6.060000 -10.824126 -4.949286 4.396429 -6.920828 5.645368 -0.589732 9.255630 -6.782882 1.862576 -8.580621 11.839334 2.497297 3.703277 0.076873 0.334104 3.674087 0.310124 -0.034268 0.006137 0.030607 -3.716355 -0.281729 0.032806 0.004247
6.080000 -10.967492 -5.221999 4.298945 -6.743193 5.612053 -0.526790 9.580727 -7.049762 2.014368 -8.917302 12.137388 2.518545 3.837760 0.259215 0.385069 3.703691 0.304636 -0.016248 0.002663 -0.066106 -3.727769 -0.295111 0.010541 0.007192
6.100000 -11.030331 -5.483111 4.197508 -6.603056 5.604163 -0.462716 10.019578 -7.280936 2.194106 -9.101976 12.435312 2.542046 3.926717 0.393669 0.448004 3.757950 0.294873 0.009044 0.002919 -0.124434 -3.674698 -0.299891 0.002668 0.007137
6.120000 -11.090754 -5.685956 4.086789 -6.515527 5.621460 -0.402601 10.398457 -7.498868 2.367051 -9.148779 12.706359 2.548495 3.953628 0.490598 0.503285 3.811138 0.283664 0.041267 0.006047 -0.155712 -3.578574 -0.290531 -0.004498 0.003920
6.140000 -11.166286 -5.786238 3.972287 -6.468318 5.639514 -0.352899 10.704700 -7.707783 2.528778 -9.096367 12.920435 2.549883 3.955991 0.585007 0.557704 3.837105 0.277823 0.072317 0.004999 -0.160543 -3.501354 -0.278155 -0.013107 -0.000495
6.160000 -11.247501 -5.801790 3.875512 -6.417845 5.639057 -0.316312 10.976082 -7.868379 2.691026 -9.009257 13.054144 2.550044 3.950667 0.652236 0.606239 3.838349 0.273018 0.099870 -0.000381 -0.144125 -3.462862 -0.269967 -0.023647 -0.003252
6.180000 -11.325537 -5.764408 3.792321 -6.344122 5.617796 -0.286192 11.225557 -7.970989 2.859779 -8.899349 13.120981 2.548783 3.934913 0.680090 0.631275 3.839144 0.272974 0.115345 -0.004929 -0.125725 -3.432765 -0.271166 -0.025726 -0.002543
6.200000 -11.382179 -5.673683 3.703905 -6.282564 5.582996 -0.259944 11.371948 -8.041381 3.033569 -8.808014 13.150530 2.546261 3.903507 0.654602 0.628627 3.838192 0.273848 0.117995 -0.006508 -0.109640 -3.398124 -0.272186 -0.021096 0.001059
6.220000 -11.396837 -5.525831 3.614434 -6.290755 5.548650 -0.240596 11.409743 -8.064763 3.195294 -8.736737 13.149250 2.542084 3.850129 0.583218 0.607666 3.831754 0.275309 0.112311 -0.008077 -0.086881 -3.372270 -0.265853 -0.017628 0.002084
6.240000 -11.368134 -5.326333 3.541387 -6.362247 5.524150 -0.232269 11.367309 -8.019865 3.329214 -8.672606 13.091066 2.536646 3.782973 0.474956 0.575400 3.818855 0.276256 0.106803 -0.010744 -0.051472 -3.369279 -0.253495 -0.015239 0.001952
6.260000 -11.342706 -5.111195 3.500886 -6.486311 5.505752 -0.234512 11.305679 -7.917052 3.443589 -8.591541 12.947176 2.527826 3.716441 0.344168 0.540106 3.805941 0.277284 0.099893 -0.012184 -0.001310 -3.381314 -0.240156 -0.011076 -0.000004
6.280000 -11.382318 -4.905662 3.487157 -6.660242 5.478926 -0.246077 11.230559 -7.778247 3.549663 -8.501112 12.716979 2.513956 3.660617 0.211805 0.502198 3.790869 0.277399 0.088462 -0.011657 0.055477 -3.398751 -0.228816 -0.004958 -0.001237
6.300000 -11.499697 -4.723758 3.489405 -6.874188 5.438134 -0.265248 11.138833 -7.618327 3.649183 -8.420815 12.426627 2.496188 3.625516 0.096777 0.462971 3.769349 0.279390 0.069101 -0.010944 0.104615 -3.417928 -0.220978 0.002291 -0.002473
6.320000 -11.662697 -4.557229 3.498555 -7.111592 5.387237 -0.290456 11.038899 -7.440865 3.739933 -8.354688 12.102306 2.475927 3.603019 0.002197 0.422391 3.738034 0.282955 0.046324 -0.010192 0.137658 -3.442227 -0.218541 0.008127 -0.002332
6.340000 -11.843811 -4.402857 3.506464 -7.361007 5.337939 -0.319513 10.944060 -7.260571 3.818504 -8.289474 11.764807 2.454478 3.592325 -0.074465 0.378320 3.702025 0.286976 0.024598 -0.010092 0.152096 -3.474057 -0.219837 0.012573 -0.001578
6.360000 -12.018721 -4.260295 3.506104 -7.610066 5.297803 -0.351120 10.867591 -7.087305 3.884262 -8.208138 11.428673 2.432277 3.601427 -0.136284 0.332876 3.667138 0.289088 0.005919 -0.009133 0.150600 -3.510222 -0.223530 0.016529 -0.000753
6.380000 -12.178388 -4.131465 3.496606 -7.844118 5.268595 -0.384839 10.809057 -6.913211 3.938545 -8.111720 11.102119 2.410319 3.635629 -0.178760 0.293966 3.634058 0.289476 -0.011112 -0.007989 0.140845 -3.545084 -0.228105 0.020555 -0.000270
6.400000 -12.320498 -4.018710 3.480379 -8.060397 5.250625 -0.421122 10.774538 -6.729488 3.981111 -7.997949 10.790155 2.389669 3.688143 -0.200620 0.266920 3.602243 0.288506 -0.025817 -0.006823 0.127610 -3.576039 -0.232881 0.024032 -0.000403
6.420000 -12.459511 -3.928600 3.461346 -8.277274 5.240609 -0.459059 10.775374 -6.544664 4.011490 -7.862562 10.489481 2.370096 3.751559 -0.201081 0.252270 3.572829 0.287434 -0.036524 -0.005798 0.112167 -3.603199 -0.238054 0.026802 -0.000495
6.440000 -12.607634 -3.861725 3.439322 -8.502139 5.234811 -0.497326 10.810800 -6.370797 4.028539 -7.704828 10.198072 2.349935 3.824872 -0.181257 0.246603 3.546510 0.286760 -0.043068 -0.004792 0.092270 -3.627542 -0.244238 0.029473 -0.000515
6.460000 -12.762757 -3.810511 3.411854 -8.723051 5.232490 -0.534770 10.869269 -6.211721 4.034079 -7.528755 9.920413 2.329677 3.912152 -0.140575 0.247338 3.523273 0.285514 -0.047446 -0.003927 0.066721 -3.649348 -0.251353 0.032512 -0.000033
6.480000 -12.912023 -3.769577 3.378478 -8.926228 5.234533 -0.570735 10.940404 -6.063045 4.031521 -7.343535 9.661963 2.310173 4.011940 -0.082135 0.254208 3.502377 0.283514 -0.050548 -0.003298 0.037497 -3.668728 -0.258871 0.034559 0.000633
6.500000 -13.045223 -3.735210 3.341031 -9.106197 5.240535 -0.604932 11.013770 -5.918988 4.023958 -7.157187 9.424615 2.292118 4.116930 -0.013261 0.266062 3.483267 0.280697 -0.051783 -0.002962 0.006946 -3.684457 -0.266086 0.035038 0.001484
6.520000 -13.159634 -3.705781 3.301657 -9.268232 5.248832 -0.637108 11.082139 -5.779371 4.012773 -6.972576 9.206709 2.275662 4.219642 0.056974 0.280444 3.466195 0.277230 -0.050583 -0.002844 -0.023096 -3.697227 -0.272368 0.034534 0.002279
6.540000 -13.260142 -3.680150 3.261833 -9.420773 5.257474 -0.667340 11.138271 -5.642504 3.997053 -6.792160 9.004713 2.260675 4.317103 0.122488 0.295251 3.451447 0.273484 -0.047804 -0.002747 -0.050729 -3.709086 -0.277213 0.033410 0.002752
6.560000 -13.345873 -3.658309 3.224059 -9.563040 5.265318 -0.695964 11.185503 -5.504432 3.977200 -6.617723 8.815191 2.247226 4.410779 0.181876 0.310342 3.438844 0.269783 -0.044948 -0.002799 -0.073968 -3.720601 -0.280858 0.032646 0.003015
6.580000 -13.421523 -3.643177 3.192127 -9.697319 5.269469 -0.723410 11.227006 -5.362509 3.955475 -6.451903 8.633836 2.235385 4.499506 0.232948 0.325500 3.428029 0.266406 -0.042265 -0.002915 -0.091093 -3.730367 -0.283424 0.032532 0.003141
6.600000 -13.492049 -3.636241 3.167736 -9.826290 5.266836 -0.749691 11.264465 -5.217553 3.935356 -6.295533 8.458164 2.224967 4.579566 0.273917 0.338901 3.418895 0.263440 -0.040135 -0.002997 -0.102497 -3.737272 -0.285195 0.032843 0.003116
6.620000 -13.563715 -3.634678 3.150061 -9.952169 5.255893 -0.774718 11.291310 -5.073620 3.918315 -6.150757 8.288079 2.215138 4.649142 0.303846 0.348096 3.411040 0.261105 -0.038853 -0.003006 -0.110018 -3.742057 -0.286392 0.033272 0.003023
6.640000 -13.633433 -3.635127 3.137686 -10.072065 5.237005 -0.798453 11.305836 -4.932083 3.905008 -6.020085 8.124417 2.206077 4.707517 0.322494 0.352274 3.404087 0.259707 -0.038897 -0.003010 -0.114582 -3.746481 -0.287196 0.033406 0.002885
6.660000 -13.697026 -3.636302 3.130355 -10.182156 5.211394 -0.820950 11.308824 -4.791318 3.895497 -5.906490 7.968058 2.198166 4.754542 0.329882 0.351590 3.397861 0.259156 -0.040104 -0.003054 -0.116248 -3.751412 -0.287712 0.033246 0.002714
6.680000 -13.752328 -3.639951 3.128182 -10.281928 5.179904 -0.842023 11.304990 -4.651223 3.890099 -5.810069 7.819308 2.191568 4.789701 0.326078 0.346657 3.392838 0.259397 -0.042328 -0.003091 -0.115171 -3.756292 -0.288010 0.033013 0.002543
6.700000 -13.802223 -3.647663 3.130483 -10.374765 5.142644 -0.861606 11.296492 -4.513169 3.888596 -5.729048 7.678174 2.186728 4.812612 0.311646 0.338015 3.389237 0.260070 -0.045274 -0.002924 -0.111683 -3.760564 -0.288048 0.032971 0.002304
6.720000 -13.848910 -3.659611 3.136286 -10.462671 5.099987 -0.879793 11.285600 -4.379003 3.890341 -5.661209 7.544887 2.183510 4.824831 0.289746 0.326559 3.386942 0.261057 -0.048908 -0.002638 -0.106384 -3.764632 -0.287847 0.033175 0.002014
6.740000 -13.894837 -3.675796 3.144959 -10.546566 5.051979 -0.896716 11.276210 -4.249489 3.894796 -5.604246 7.419393 2.181773 4.828043 0.263083 0.313656 3.385504 0.262252 -0.052958 -0.002260 -0.099740 -3.768927 -0.287494 0.033480 0.001661
6.760000 -13.940948 -3.695815 3.156276 -10.625138 4.998147 -0.912289 11.271979 -4.126693 3.901801 -5.556274 7.301763 2.184338 4.824184 0.235209 0.300536 3.384669 0.263630 -0.057362 -0.001844 -0.092325 -3.773467 -0.287205 0.034034 0.001378
6.780000 -13.990785 -3.720546 3.169671 -10.699392 4.937897 -0.926307 11.273267 -4.013082 3.911602 -5.516478 7.193181 2.190101 4.814327 0.207291 0.287418 3.384271 0.265105 -0.061293 -0.001410 -0.084864 -3.777601 -0.287075 0.034447 0.001173
6.800000 -14.043005 -3.749249 3.183630 -10.767251 4.872822 -0.938575 11.280315 -3.909586 3.924092 -5.485575 7.094394 2.192136 4.799870 0.180713 0.274472 3.384962 0.266818 -0.064622 -0.001002 -0.078648 -3.781021 -0.287195 0.034449 0.001151
6.820000 -14.095335 -3.780266 3.196827 -10.827752 4.803790 -0.949103 11.293335 -3.816787 3.938408 -5.463239 7.005428 2.195178 4.782286 0.156570 0.262992 3.386141 0.268380 -0.068301 -0.000479 -0.073406 -3.783898 -0.287390 0.034363 0.000982
6.840000 -14.146345 -3.814766 3.209579 -10.882297 4.731443 -0.957746 11.312344 -3.733994 3.954262 -5.449278 6.925912 2.200466 4.761334 0.135685 0.253339 3.387459 0.269673 -0.071175 -0.000132 -0.068325 -3.786053 -0.287278 0.034276 0.000927
6.860000 -14.196301 -3.852686 3.221848 -10.929924 4.657656 -0.964509 11.336289 -3.660070 3.970447 -5.443376 6.854929 2.207832 4.738064 0.118567 0.245534 3.389524 0.270994 -0.072855 -0.000027 -0.064032 -3.787499 -0.287104 0.034328 0.000747
6.880000 -14.245527 -3.894337 3.233709 -10.970588 4.582726 -0.969438 11.367201 -3.597677 3.987246 -5.442799 6.791537 2.216881 4.714108 0.105076 0.240075 3.392874 0.271960 -0.073836 0.000222 -0.060473 -3.787927 -0.287113 0.034249 0.000749
6.900000 -14.297809 -3.939537 3.244772 -11.009091 4.505255 -0.972697 11.403996 -3.547555 4.004321 -5.447358 6.735861 2.227398 4.689440 0.095972 0.237276 3.396581 0.272510 -0.074326 0.000418 -0.057401 -3.787824 -0.287106 0.033713 0.000564
6.920000 -14.349206 -3.986713 3.254662 -11.041330 4.425943 -0.974518 11.445762 -3.506778 4.020412 -5.459709 6.687671 2.239664 4.665167 0.092049 0.236540 3.399954 0.272717 -0.074188 0.000648 -0.055336 -3.787529 -0.286866 0.032893 0.000443
6.940000 -14.399472 -4.036618 3.264932 -11.067675 4.345320 -0.974721 11.489074 -3.475396 4.036886 -5.479987 6.644988 2.253433 4.640541 0.091532 0.237629 3.403858 0.273123 -0.073428 0.000711 -0.054438 -3.786057 -0.287145 0.031951 0.000266
6.960000 -14.448375 -4.089803 3.275206 -11.089888 4.262017 -0.973301 11.534946 -3.455792 4.054907 -5.508334 6.606723 2.268396 4.615438 0.093042 0.240455 3.407994 0.273208 -0.072187 0.000721 -0.053864 -3.783613 -0.287337 0.030962 0.000376
6.980000 -14.497058 -4.144878 3.284407 -11.107034 4.176646 -0.970478 11.580379 -3.445421 4.072604 -5.545259 6.573608 2.284612 4.589865 0.096414 0.244016 3.412517 0.273056 -0.070808 0.000755 -0.053680 -3.780501 -0.287164 0.029925 0.000213
7.000000 -14.540694 -4.200945 3.293233 -11.116987 4.089845 -0.967483 11.625237 -3.442016 4.090632 -5.591474 6.543794 2.302197 4.564027 0.101061 0.248473 3.417050 0.272785 -0.069312 0.000724 -0.053418 -3.776519 -0.286991 0.028735 0.000199
7.020000 -14.580409 -4.258315 3.302480 -11.121564 4.001944 -0.963044 11.667576 -3.444702 4.109201 -5.646383 6.515999 2.320897 4.537092 0.105926 0.253350 3.421496 0.272489 -0.067607 0.000692 -0.052879 -3.771763 -0.286676 0.027358 0.000024
7.040000 -14.616070 -4.316461 3.312559 -11.121528 3.913237 -0.955257 11.707166 -3.454123 4.127949 -5.710004 6.489282 2.340132 4.508560 0.110459 0.258066 3.425990 0.272330 -0.065843 0.000556 -0.052313 -3.766759 -0.286332 0.025803 -0.000121
7.060000 -14.649147 -4.375274 3.322384 -11.118471 3.822419 -0.949607 11.741916 -3.470382 4.146700 -5.781969 6.461787 2.360133 4.478120 0.113204 0.262455 3.430779 0.272259 -0.064030 0.000473 -0.051473 -3.761560 -0.285813 0.024457 -0.000143
7.080000 -14.676238 -4.433876 3.333012 -11.110998 3.731450 -0.940475 11.774655 -3.489635 4.164994 -5.861374 6.434097 2.381022 4.446339 0.115621 0.266774 3.435260 0.272206 -0.062825 0.000421 -0.050051 -3.756231 -0.285314 0.023325 -0.000399
7.100000 -14.701460 -4.492368 3.344154 -11.099229 3.639253 -0.932057 11.799388 -3.512512 4.182833 -5.950538 6.404274 2.402741 4.413273 0.116313 0.270498 3.439290 0.272347 -0.061531 0.000229 -0.048177 -3.751179 -0.284815 0.022008 -0.000533
7.120000 -14.719602 -4.551617 3.356251 -11.084065 3.546304 -0.923281 11.823272 -3.539406 4.201177 -6.046602 6.372328 2.425189 4.378541 0.115882 0.273921 3.443830 0.272438 -0.060658 0.000096 -0.046071 -3.745910 -0.284275 0.021113 -0.000485
7.140000 -14.735976 -4.608346 3.368238 -11.066746 3.451881 -0.913974 11.838343 -3.567688 4.219050 -6.150345 6.337356 2.448241 4.340556 0.113394 0.276312 3.447461 0.272661 -0.059878 0.000144 -0.043430 -3.740907 -0.283723 0.020093 -0.000776
7.160000 -14.747102 -4.664365 3.380262 -11.046713 3.356951 -0.904345 11.849822 -3.599935 4.236561 -6.259520 6.299267 2.471631 4.301150 0.109592 0.278107 3.451339 0.272945 -0.059451 -0.000112 -0.040662 -3.736376 -0.283228 0.019233 -0.000753
7.180000 -14.753121 -4.718596 3.392273 -11.024257 3.260591 -0.894323 11.855453 -3.632234 4.253136 -6.377072 6.256984 2.495694 4.260169 0.104917 0.279556 3.454428 0.273456 -0.059240 -0.000143 -0.037365 -3.732200 -0.282590 0.018590 -0.000803
7.200000 -14.756389 -4.771361 3.404116 -10.999468 3.163498 -0.884009 11.857506 -3.667655 4.269282 -6.499113 6.211199 2.519976 4.217608 0.099367 0.280352 3.457517 0.273878 -0.059081 -0.000222 -0.034067 -3.728479 -0.282128 0.017827 -0.000937
7.220000 -14.755632 -4.822541 3.415759 -10.975459 3.064790 -0.873628 11.856491 -3.703304 4.284571 -6.625962 6.160447 2.544589 4.174318 0.093411 0.281292 3.460176 0.274179 -0.059407 -0.000366 -0.030576 -3.724774 -0.281602 0.017548 -0.000971
7.240000 -14.752275 -4.872375 3.427082 -10.949656 2.965380 -0.863065 11.849696 -3.741083 4.298704 -6.758642 6.104983 2.569457 4.129955 0.087666 0.281788 3.462590 0.274887 -0.059527 -0.000389 -0.027183 -3.721687 -0.281113 0.017014 -0.001005
7.260000 -14.745932 -4.919219 3.437585 -10.923944 2.864915 -0.852490 11.839692 -3.779380 4.311793 -6.894183 6.044470 2.594413 4.085074 0.081850 0.282194 3.464683 0.275206 -0.059984 -0.000465 -0.024168 -3.718936 -0.280754 0.016636 -0.001131
7.280000 -14.736461 -4.964090 3.447782 -10.897890 2.763613 -0.841878 11.825414 -3.818732 4.323544 -7.034399 5.978056 2.619524 4.040269 0.076833 0.282702 3.466404 0.275779 -0.060334 -0.000588 -0.021165 -3.716663 -0.280362 0.016363 -0.001091
7.300000 -14.723557 -5.006835 3.457101 -10.870982 2.661751 -0.831215 11.806914 -3.858471 4.334000 -7.177920 5.905763 2.644730 3.995067 0.072036 0.283014 3.468000 0.276402 -0.060856 -0.000643 -0.018491 -3.714777 -0.280095 0.015876 -0.001181
7.320000 -14.707240 -5.047443 3.465668 -10.843886 2.559405 -0.820529 11.783794 -3.898793 4.342711 -7.324965 5.827037 2.669926 3.950798 0.067721 0.283457 3.469236 0.276921 -0.061430 -0.000777 -0.016131 -3.713000 -0.279839 0.015641 -0.001160
