time	root_x	root_y	root_z
0.000000	-0.000001	0.000004	0.912527
0.020000	-0.003965	-0.000252	0.906447
0.040000	-0.014620	-0.001259	0.896501
0.060000	-0.018863	-0.002778	0.888831
0.080000	-0.011724	-0.007805	0.885475
0.100000	0.003534	-0.015623	0.884301
0.120000	0.020142	-0.024673	0.882922
0.140000	0.033400	-0.033348	0.879343
0.160000	0.041413	-0.040854	0.873284
0.180000	0.044741	-0.047031	0.866339
0.200000	0.046411	-0.051915	0.861716
0.220000	0.048929	-0.056241	0.861008
0.240000	0.052181	-0.059892	0.864355
0.260000	0.054330	-0.062005	0.869853
0.280000	0.052173	-0.063175	0.875603
0.300000	0.044895	-0.063517	0.880654
0.320000	0.035285	-0.062501	0.884277
0.340000	0.027462	-0.060018	0.885160
0.360000	0.025218	-0.058043	0.882737
0.380000	0.029478	-0.058042	0.876962
0.400000	0.036589	-0.061468	0.873543
0.420000	0.045130	-0.065803	0.872406
0.440000	0.052932	-0.069065	0.872172
0.460000	0.058563	-0.071161	0.871479
0.480000	0.062291	-0.072698	0.869838
0.500000	0.065844	-0.074330	0.867940
0.520000	0.069532	-0.076439	0.865776
0.540000	0.072967	-0.078616	0.863699
0.560000	0.076110	-0.080572	0.862123
0.580000	0.079381	-0.082270	0.861462
0.600000	0.083281	-0.083804	0.862063
0.620000	0.088118	-0.085185	0.864063
0.640000	0.093788	-0.086307	0.867222
0.660000	0.099752	-0.087010	0.870740
0.680000	0.105569	-0.087069	0.873794
0.700000	0.110917	-0.086488	0.876115
0.720000	0.115645	-0.085464	0.877767
0.740000	0.119984	-0.084210	0.878953
0.760000	0.124041	-0.082792	0.879910
0.780000	0.127864	-0.081372	0.880946
0.800000	0.131445	-0.080212	0.882350
0.820000	0.134806	-0.079607	0.884213
0.840000	0.138034	-0.079850	0.886297
0.860000	0.141100	-0.081141	0.888161
0.880000	0.143630	-0.083401	0.889618
0.900000	0.145488	-0.086139	0.890445
0.920000	0.147041	-0.088978	0.890234
0.940000	0.149070	-0.091753	0.888329
0.960000	0.152217	-0.094557	0.884153
0.980000	0.156209	-0.097751	0.879635
1.000000	0.160018	-0.100043	0.875486
1.020000	0.162853	-0.100779	0.872795
1.040000	0.164884	-0.100288	0.871969
1.060000	0.166359	-0.098984	0.872233
1.080000	0.167076	-0.097407	0.873095
1.100000	0.167059	-0.096105	0.874470
1.120000	0.166796	-0.095417	0.876448
1.140000	0.166841	-0.095495	0.879029
1.160000	0.167523	-0.096401	0.881954
1.180000	0.168795	-0.098182	0.884729
1.200000	0.169997	-0.100760	0.887007
1.220000	0.170509	-0.103624	0.888231
1.240000	0.170316	-0.106248	0.887741
1.260000	0.170013	-0.108360	0.884884
1.280000	0.170198	-0.110122	0.879415
1.300000	0.170513	-0.112348	0.875137
1.320000	0.170957	-0.113782	0.872791
1.340000	0.171031	-0.113509	0.872121
1.360000	0.170362	-0.112045	0.872376
1.380000	0.168813	-0.110130	0.872740
1.400000	0.166513	-0.108319	0.872728
1.420000	0.163821	-0.106856	0.872326
1.440000	0.161217	-0.105759	0.871785
1.460000	0.159132	-0.104973	0.871354
1.480000	0.157657	-0.104364	0.871141
1.500000	0.156641	-0.103872	0.871101
1.520000	0.155741	-0.103495	0.871137
1.540000	0.154437	-0.103201	0.871103
1.560000	0.152498	-0.102970	0.870895
1.580000	0.150053	-0.102715	0.870556
1.600000	0.147280	-0.102299	0.870103
1.620000	0.144278	-0.101600	0.869510
1.640000	0.141063	-0.100522	0.868805
1.660000	0.137660	-0.099037	0.868051
1.680000	0.134140	-0.097218	0.867277
1.700000	0.130588	-0.095187	0.866470
1.720000	0.127078	-0.093039	0.865618
1.740000	0.123650	-0.090804	0.864746
1.760000	0.120283	-0.088465	0.863887
1.780000	0.116915	-0.085993	0.863043
1.800000	0.113545	-0.083425	0.862278
1.820000	0.110433	-0.080895	0.862167
1.840000	0.107857	-0.078610	0.862458
1.860000	0.105578	-0.076675	0.862877
1.880000	0.103277	-0.075193	0.863404
1.900000	0.100817	-0.074147	0.864174
1.920000	0.098076	-0.073402	0.865251
1.940000	0.094927	-0.072796	0.866556
1.960000	0.091418	-0.072219	0.867917
1.980000	0.087678	-0.071564	0.869110
2.000000	0.083895	-0.070754	0.869924
2.020000	0.080421	-0.069795	0.870285
2.040000	0.077639	-0.068696	0.870316
2.060000	0.075715	-0.067529	0.870264
2.080000	0.074680	-0.066531	0.870266
2.100000	0.074459	-0.065818	0.870458
2.120000	0.074846	-0.065251	0.870685
2.140000	0.075376	-0.064598	0.870714
2.160000	0.075619	-0.063502	0.870488
2.180000	0.075404	-0.061948	0.869956
2.200000	0.074683	-0.059844	0.869364
2.220000	0.073692	-0.057208	0.869018
2.240000	0.072867	-0.054038	0.869165
2.260000	0.072545	-0.050275	0.869849
2.280000	0.072863	-0.045920	0.870921
2.300000	0.073814	-0.041047	0.872105
2.320000	0.075307	-0.035639	0.873110
2.340000	0.077219	-0.029522	0.873673
2.360000	0.079478	-0.022570	0.873605
2.380000	0.082015	-0.014766	0.872812
2.400000	0.084870	-0.006073	0.871323
2.420000	0.087879	0.003423	0.869821
2.440000	0.091878	0.014041	0.868337
2.460000	0.097314	0.025707	0.866641
2.480000	0.104107	0.038153	0.864637
2.500000	0.111668	0.051026	0.862782
2.520000	0.119825	0.063676	0.861091
2.540000	0.128239	0.075681	0.859485
2.560000	0.136708	0.086965	0.857787
2.580000	0.145372	0.097673	0.856058
2.600000	0.154875	0.108076	0.854967
2.620000	0.165804	0.118621	0.855398
2.640000	0.178351	0.129453	0.857464
2.660000	0.192112	0.140629	0.860955
2.680000	0.206421	0.152008	0.865180
2.700000	0.220448	0.163118	0.869121
2.720000	0.233304	0.173269	0.871951
2.740000	0.244436	0.181828	0.873489
2.760000	0.253887	0.188449	0.874065
2.780000	0.262130	0.193240	0.874246
2.800000	0.269841	0.196644	0.874760
2.820000	0.277706	0.198898	0.876018
2.840000	0.285881	0.200109	0.877883
2.860000	0.293913	0.200564	0.879660
2.880000	0.301202	0.200702	0.880813
2.900000	0.307669	0.200904	0.881365
2.920000	0.314019	0.201363	0.881549
2.940000	0.321207	0.202463	0.881465
2.960000	0.329824	0.204798	0.880903
2.980000	0.339957	0.208728	0.879591
3.000000	0.351398	0.214262	0.877252
3.020000	0.363874	0.221110	0.873492
3.040000	0.377151	0.228824	0.867879
3.060000	0.391001	0.236920	0.860110
3.080000	0.405295	0.245016	0.850005
3.100000	0.420154	0.252926	0.837816
3.120000	0.437050	0.261592	0.825694
3.140000	0.455088	0.268637	0.816562
3.160000	0.473476	0.272624	0.811124
3.180000	0.491807	0.275721	0.808548
3.200000	0.509568	0.278618	0.808887
3.220000	0.526898	0.280335	0.813150
3.240000	0.545835	0.282404	0.819570
3.260000	0.566534	0.284912	0.826962
3.280000	0.588412	0.287671	0.834590
3.300000	0.610771	0.290425	0.842158
3.320000	0.633221	0.292933	0.849590
3.340000	0.655497	0.295530	0.856415
3.360000	0.676738	0.298421	0.861206
3.380000	0.696042	0.301441	0.862159
3.400000	0.714508	0.305577	0.858963
3.420000	0.732084	0.308657	0.854609
3.440000	0.749563	0.309098	0.852897
3.460000	0.767113	0.307993	0.853837
3.480000	0.784044	0.306427	0.856528
3.500000	0.800130	0.305383	0.860022
3.520000	0.815652	0.305193	0.863599
3.540000	0.830820	0.305859	0.866814
3.560000	0.845848	0.307287	0.869640
3.580000	0.861088	0.309398	0.872222
3.600000	0.876749	0.311987	0.874611
3.620000	0.892517	0.314430	0.876623
3.640000	0.908166	0.315903	0.878148
3.660000	0.923614	0.315946	0.878893
3.680000	0.938709	0.314764	0.878251
3.700000	0.953313	0.313081	0.875748
3.720000	0.968179	0.310880	0.872239
3.740000	0.984750	0.309372	0.867974
3.760000	1.004730	0.309532	0.863335
3.780000	1.028815	0.311921	0.858451
3.800000	1.055940	0.316315	0.852298
3.820000	1.084546	0.321376	0.843551
3.840000	1.114766	0.323309	0.833998
3.860000	1.145594	0.321976	0.825595
3.880000	1.176754	0.318538	0.818921
3.900000	1.207428	0.314576	0.814361
3.920000	1.236178	0.311713	0.813352
3.940000	1.263988	0.309090	0.815675
3.960000	1.290184	0.306854	0.821212
3.980000	1.314564	0.304914	0.829073
4.000000	1.336851	0.303085	0.836743
4.020000	1.356977	0.301023	0.842141
4.040000	1.375160	0.299111	0.846180
4.060000	1.392648	0.296657	0.850088
4.080000	1.410063	0.293190	0.854678
4.100000	1.427223	0.288365	0.859742
4.120000	1.444037	0.282516	0.864826
4.140000	1.460769	0.276064	0.869794
4.160000	1.477614	0.269530	0.874384
4.180000	1.494239	0.263524	0.878208
4.200000	1.510314	0.258577	0.880944
4.220000	1.525806	0.255012	0.882465
4.240000	1.540867	0.252787	0.882824
4.260000	1.555710	0.251540	0.882096
4.280000	1.570410	0.250935	0.880419
4.300000	1.584951	0.250625	0.877992
4.320000	1.599660	0.249969	0.875087
4.340000	1.615358	0.248075	0.872152
4.360000	1.632776	0.243621	0.869755
4.380000	1.652082	0.236553	0.868076
4.400000	1.672097	0.227477	0.865724
4.420000	1.691375	0.217487	0.860874
4.440000	1.709767	0.208191	0.852886
4.460000	1.728037	0.200925	0.847078
4.480000	1.746212	0.193258	0.844823
4.500000	1.763850	0.184624	0.845738
4.520000	1.780263	0.175241	0.849659
4.540000	1.795913	0.165656	0.855933
4.560000	1.811844	0.156604	0.863269
4.580000	1.828463	0.148400	0.869517
4.600000	1.845695	0.140533	0.873048
4.620000	1.861862	0.131940	0.873622
4.640000	1.876253	0.122630	0.872362
4.660000	1.888361	0.112349	0.872885
4.680000	1.900743	0.101865	0.874692
4.700000	1.913973	0.091838	0.877113
4.720000	1.927760	0.082584	0.879448
4.740000	1.941981	0.074073	0.881320
4.760000	1.956653	0.066130	0.882590
4.780000	1.971896	0.058180	0.883365
4.800000	1.987916	0.049657	0.883892
4.820000	2.004667	0.040267	0.884293
4.840000	2.021755	0.030195	0.884237
4.860000	2.038754	0.019822	0.883273
4.880000	2.055597	0.009438	0.881185
4.900000	2.072348	-0.000959	0.877921
4.920000	2.089205	-0.011778	0.873530
4.940000	2.106710	-0.023868	0.868250
4.960000	2.125377	-0.038071	0.862272
4.980000	2.145278	-0.054695	0.855382
5.000000	2.165947	-0.073434	0.847100
5.020000	2.186059	-0.091777	0.839169
5.040000	2.204930	-0.109536	0.834329
5.060000	2.222480	-0.128520	0.832611
5.080000	2.239077	-0.148783	0.833592
5.100000	2.255496	-0.169408	0.836558
5.120000	2.271993	-0.188742	0.841547
5.140000	2.288650	-0.206864	0.847160
5.160000	2.305461	-0.224369	0.852694
5.180000	2.322397	-0.241386	0.857377
5.200000	2.338957	-0.257309	0.860958
5.220000	2.353470	-0.271494	0.863473
5.240000	2.365382	-0.284542	0.865657
5.260000	2.375010	-0.298012	0.868163
5.280000	2.382957	-0.312803	0.871153
5.300000	2.389810	-0.328433	0.874275
5.320000	2.396145	-0.343939	0.877039
5.340000	2.402242	-0.358734	0.879063
5.360000	2.408164	-0.372890	0.880330
5.380000	2.413891	-0.386798	0.881065
5.400000	2.419600	-0.400872	0.881345
5.420000	2.425691	-0.415343	0.880997
5.440000	2.432517	-0.430504	0.879872
5.460000	2.440022	-0.446581	0.877808
5.480000	2.447755	-0.463462	0.874746
5.500000	2.455263	-0.480913	0.870920
5.520000	2.462265	-0.499029	0.866819
5.540000	2.468672	-0.518330	0.862761
5.560000	2.474714	-0.539381	0.858616
5.580000	2.480798	-0.562255	0.853914
5.600000	2.487381	-0.586622	0.848251
5.620000	2.495002	-0.612233	0.841795
5.640000	2.503786	-0.639309	0.834889
5.660000	2.511294	-0.665420	0.830304
5.680000	2.518432	-0.691802	0.828456
5.700000	2.526241	-0.718942	0.828795
5.720000	2.534455	-0.746582	0.830740
5.740000	2.541835	-0.774146	0.834446
5.760000	2.547377	-0.801159	0.840360
5.780000	2.551553	-0.827562	0.846372
5.800000	2.554629	-0.852734	0.851596
5.820000	2.556967	-0.875642	0.855398
5.840000	2.558970	-0.896333	0.858908
5.860000	2.561234	-0.915628	0.862863
5.880000	2.564517	-0.934268	0.867086
5.900000	2.569408	-0.952748	0.871208
5.920000	2.576035	-0.971199	0.874957
5.940000	2.584012	-0.989600	0.878122
5.960000	2.592943	-1.008149	0.880698
5.980000	2.602624	-1.026920	0.882791
6.000000	2.612738	-1.045915	0.884306
6.020000	2.622943	-1.065135	0.885054
6.040000	2.632932	-1.084547	0.884860
6.060000	2.642403	-1.104192	0.883508
6.080000	2.651279	-1.124055	0.880905
6.100000	2.659736	-1.143915	0.877147
6.120000	2.668086	-1.163699	0.872515
6.140000	2.676809	-1.183560	0.867348
6.160000	2.686568	-1.204037	0.862101
6.180000	2.697752	-1.225516	0.856894
6.200000	2.710110	-1.247958	0.851680
6.220000	2.723299	-1.271647	0.846747
6.240000	2.737296	-1.296978	0.842230
6.260000	2.752106	-1.324114	0.838142
6.280000	2.767528	-1.351950	0.835045
6.300000	2.783129	-1.378683	0.834212
6.320000	2.798597	-1.405306	0.834619
6.340000	2.813800	-1.431583	0.835703
6.360000	2.829085	-1.456732	0.837363
6.380000	2.844703	-1.478689	0.842071
6.400000	2.859704	-1.499181	0.847389
6.420000	2.873073	-1.517625	0.852543
6.440000	2.884566	-1.534323	0.857559
6.460000	2.894654	-1.551040	0.862595
6.480000	2.903577	-1.569179	0.867593
6.500000	2.911308	-1.588686	0.872224
6.520000	2.917844	-1.608782	0.876267
6.540000	2.923420	-1.628759	0.879642
6.560000	2.928412	-1.648403	0.882383
6.580000	2.933138	-1.667837	0.884640
6.600000	2.937916	-1.687130	0.886416
6.620000	2.943172	-1.706242	0.887489
6.640000	2.949174	-1.725153	0.887573
6.660000	2.956051	-1.743961	0.886517
6.680000	2.963688	-1.762661	0.884324
6.700000	2.971631	-1.781196	0.881238
6.720000	2.979398	-1.799855	0.877623
6.740000	2.986915	-1.819311	0.873892
6.760000	2.994424	-1.840319	0.870149
6.780000	3.002310	-1.863344	0.866141
6.800000	3.010934	-1.888231	0.861423
6.820000	3.020624	-1.914233	0.855698
6.840000	3.031640	-1.940848	0.849185
6.860000	3.043730	-1.968048	0.842110
6.880000	3.054197	-1.993745	0.837429
6.900000	3.064734	-2.019305	0.835293
6.920000	3.076238	-2.045086	0.835209
6.940000	3.087501	-2.070972	0.837063
6.960000	3.096324	-2.096397	0.841832
6.980000	3.103497	-2.121592	0.847435
7.000000	3.109295	-2.145582	0.852507
7.020000	3.113929	-2.166882	0.856293
7.040000	3.117757	-2.185243	0.859570
7.060000	3.121950	-2.201707	0.862932
7.080000	3.127780	-2.217518	0.866579
7.100000	3.135776	-2.233260	0.870397
7.120000	3.145660	-2.248870	0.874079
7.140000	3.156808	-2.264176	0.877315
7.160000	3.168712	-2.279267	0.879937
7.180000	3.181187	-2.294389	0.882008
7.200000	3.193946	-2.309780	0.883393
7.220000	3.206583	-2.325578	0.883878
7.240000	3.218950	-2.341775	0.883355
7.260000	3.230987	-2.358277	0.881740
7.280000	3.242876	-2.374995	0.879022
7.300000	3.254862	-2.391851	0.875025
7.320000	3.267202	-2.408826	0.870016
7.340000	3.280131	-2.425792	0.864539
7.360000	3.293717	-2.442731	0.859021
7.380000	3.307939	-2.460028	0.853814
7.400000	3.322939	-2.478188	0.849010
7.420000	3.338947	-2.497481	0.844506
7.440000	3.356141	-2.517802	0.840102
7.460000	3.374357	-2.538284	0.835845
7.480000	3.392450	-2.556111	0.833944
7.500000	3.410971	-2.572809	0.834033
7.520000	3.429972	-2.588990	0.835890
7.540000	3.449365	-2.603731	0.840311
7.560000	3.469124	-2.617788	0.846285
7.580000	3.488813	-2.631519	0.852057
7.600000	3.507882	-2.643812	0.856470
7.620000	3.525821	-2.653953	0.859619
7.640000	3.542940	-2.662879	0.862397
7.660000	3.559791	-2.671769	0.865443
7.680000	3.576305	-2.681161	0.868640
7.700000	3.591872	-2.690954	0.871687
7.720000	3.606146	-2.700828	0.874421
7.740000	3.619206	-2.710678	0.876879
7.760000	3.631226	-2.720574	0.879190
7.780000	3.642266	-2.730391	0.881300
7.800000	3.652630	-2.739986	0.883114
7.820000	3.662821	-2.749272	0.884557
7.840000	3.673318	-2.758314	0.885599
7.860000	3.684538	-2.767354	0.886297
7.880000	3.696611	-2.776569	0.886719
7.900000	3.709275	-2.785989	0.886835
7.920000	3.722351	-2.795540	0.886540
7.940000	3.736174	-2.805195	0.885718
7.960000	3.751640	-2.815005	0.884049
7.980000	3.769722	-2.824988	0.881063
8.000000	3.790650	-2.835187	0.876469
8.020000	3.813938	-2.844891	0.870089
8.040000	3.838500	-2.853433	0.861731
8.060000	3.862706	-2.860406	0.852243
8.080000	3.883880	-2.866266	0.845753
8.100000	3.903784	-2.870189	0.841587
8.120000	3.920944	-2.872908	0.841742
8.140000	3.936156	-2.874588	0.844438
8.160000	3.950638	-2.876076	0.847884
8.180000	3.965447	-2.878491	0.851745
8.200000	3.981314	-2.881995	0.854949
8.220000	3.997593	-2.886088	0.856707
8.240000	4.013045	-2.890679	0.856518
8.260000	4.026487	-2.895272	0.857193
8.280000	4.038511	-2.897732	0.858946
8.300000	4.049358	-2.897213	0.861296
8.320000	4.059647	-2.894340	0.863750
8.340000	4.069947	-2.889978	0.866005
8.360000	4.080750	-2.884836	0.867865
8.380000	4.092436	-2.879420	0.869241
8.400000	4.105124	-2.873824	0.870163
8.420000	4.118735	-2.868142	0.870578
8.440000	4.133350	-2.862611	0.870233
8.460000	4.148799	-2.857108	0.868563
8.480000	4.164593	-2.851515	0.864929
8.500000	4.180115	-2.845742	0.859251
8.520000	4.194896	-2.839774	0.851938
8.540000	4.209531	-2.833329	0.844410
8.560000	4.224948	-2.825430	0.837362
8.580000	4.241467	-2.815378	0.830804
8.600000	4.259006	-2.803085	0.825165
8.620000	4.275478	-2.789586	0.822578
8.640000	4.291713	-2.774803	0.822940
8.660000	4.308297	-2.758764	0.825625
8.680000	4.325359	-2.741409	0.829960
8.700000	4.342716	-2.722770	0.835340
8.720000	4.359918	-2.703085	0.841269
8.740000	4.376556	-2.682597	0.847250
8.760000	4.392428	-2.661566	0.853189
8.780000	4.407115	-2.640733	0.858266
8.800000	4.420292	-2.621291	0.861059
8.820000	4.432433	-2.603859	0.860872
8.840000	4.442669	-2.588408	0.860504
8.860000	4.451999	-2.574694	0.861076
8.880000	4.461136	-2.561990	0.862918
8.900000	4.470747	-2.549598	0.865834
8.920000	4.481043	-2.537627	0.869304
8.940000	4.491874	-2.526371	0.872743
8.960000	4.503068	-2.515836	0.875866
8.980000	4.514488	-2.505807	0.878655
9.000000	4.525828	-2.496318	0.881066
9.020000	4.536779	-2.487250	0.883023
9.040000	4.547370	-2.478233	0.884506
9.060000	4.557820	-2.468684	0.885453
9.080000	4.568094	-2.458301	0.885591
9.100000	4.578079	-2.447203	0.884736
9.120000	4.587881	-2.435462	0.882850
9.140000	4.597565	-2.423165	0.879990
9.160000	4.607243	-2.410352	0.876442
9.180000	4.617302	-2.396683	0.872664
9.200000	4.628274	-2.381575	0.868734
9.220000	4.640449	-2.364455	0.864403
9.240000	4.653808	-2.344899	0.859468
9.260000	4.667764	-2.323235	0.853768
9.280000	4.681369	-2.300397	0.847378
9.300000	4.694141	-2.278373	0.841491
9.320000	4.706300	-2.258690	0.838617
9.340000	4.717980	-2.238641	0.838256
9.360000	4.729288	-2.218242	0.840240
9.380000	4.740813	-2.197887	0.844011
9.400000	4.753245	-2.177630	0.848749
9.420000	4.766848	-2.157972	0.852949
9.440000	4.780594	-2.139261	0.855556
9.460000	4.793816	-2.122615	0.855905
9.480000	4.806648	-2.109738	0.857363
9.500000	4.817931	-2.098201	0.859768
9.520000	4.827256	-2.086305	0.863020
9.540000	4.834800	-2.073090	0.866854
9.560000	4.840883	-2.058327	0.870864
9.580000	4.846076	-2.042359	0.874551
9.600000	4.850881	-2.025643	0.877508
9.620000	4.855511	-2.008373	0.879792
9.640000	4.859978	-1.990780	0.881572
9.660000	4.864352	-1.973164	0.882762
9.680000	4.868857	-1.955545	0.883164
9.700000	4.873613	-1.937998	0.882546
9.720000	4.878627	-1.920488	0.880806
9.740000	4.883937	-1.902953	0.877901
9.760000	4.889451	-1.885249	0.874187
9.780000	4.894897	-1.867108	0.870273
9.800000	4.899871	-1.848278	0.866720
9.820000	4.903877	-1.828744	0.863534
9.840000	4.906807	-1.808744	0.860240
9.860000	4.909204	-1.788438	0.856690
9.880000	4.911565	-1.767504	0.853402
9.900000	4.913772	-1.745344	0.850837
9.920000	4.915477	-1.721718	0.849102
9.940000	4.916595	-1.696772	0.848108
9.960000	4.917359	-1.671299	0.848008
9.980000	4.917528	-1.647038	0.850298
10.000000	4.917436	-1.623228	0.855167
10.020000	4.917464	-1.599139	0.860920
10.040000	4.917646	-1.575425	0.865901
10.060000	4.916989	-1.553732	0.869066
10.080000	4.915129	-1.534308	0.871552
10.100000	4.913064	-1.515582	0.874038
10.120000	4.911493	-1.496900	0.876713
10.140000	4.910953	-1.478730	0.879282
10.160000	4.911593	-1.461713	0.881431
10.180000	4.913365	-1.445806	0.883116
10.200000	4.916185	-1.430204	0.884699
10.220000	4.919696	-1.414187	0.886424
10.240000	4.923275	-1.397659	0.887982
10.260000	4.926275	-1.380743	0.888834
10.280000	4.928175	-1.363505	0.888718
10.300000	4.928922	-1.345611	0.887756
10.320000	4.928854	-1.326860	0.886084
10.340000	4.928343	-1.307394	0.883782
10.360000	4.927515	-1.287355	0.880903
10.380000	4.926314	-1.266611	0.877323
10.400000	4.924373	-1.244578	0.872763
10.420000	4.921292	-1.220644	0.866825
10.440000	4.916761	-1.194782	0.859328
10.460000	4.910790	-1.167662	0.850292
10.480000	4.905329	-1.142173	0.842571
10.500000	4.899800	-1.118410	0.837965
10.520000	4.892181	-1.095044	0.835154
10.540000	4.883510	-1.072342	0.834186
10.560000	4.876454	-1.051872	0.837239
10.580000	4.870022	-1.032504	0.842033
10.600000	4.864320	-1.013551	0.847145
10.620000	4.859605	-0.994407	0.851934
10.640000	4.855465	-0.974521	0.855701
10.660000	4.851928	-0.954453	0.857452
10.680000	4.849449	-0.936192	0.858880
10.700000	4.846799	-0.920762	0.861046
10.720000	4.842777	-0.908157	0.864026
10.740000	4.836979	-0.897556	0.867367
10.760000	4.829385	-0.887887	0.870575
10.780000	4.820372	-0.878415	0.873364
10.800000	4.810463	-0.868806	0.875581
10.820000	4.799950	-0.858784	0.877230
10.840000	4.788923	-0.848068	0.878270
10.860000	4.777448	-0.836499	0.878497
10.880000	4.765682	-0.824201	0.877654
10.900000	4.753930	-0.811424	0.875475
10.920000	4.742349	-0.798409	0.872004
10.940000	4.730862	-0.785273	0.867346
10.960000	4.719185	-0.772060	0.861702
10.980000	4.706945	-0.758979	0.855562
11.000000	4.693830	-0.746475	0.849562
11.020000	4.679527	-0.734821	0.844124
11.040000	4.663434	-0.723489	0.839517
11.060000	4.644870	-0.711560	0.835676
11.080000	4.624233	-0.699366	0.833020
11.100000	4.602527	-0.688526	0.833097
11.120000	4.579109	-0.678224	0.835182
11.140000	4.554615	-0.668335	0.838829
11.160000	4.529580	-0.658875	0.843549
11.180000	4.504528	-0.650192	0.848606
11.200000	4.479635	-0.642213	0.853488
11.220000	4.456089	-0.635461	0.856410
11.240000	4.435570	-0.631159	0.857385
11.260000	4.417868	-0.628498	0.858048
11.280000	4.401194	-0.625824	0.859543
11.300000	4.384200	-0.622310	0.862196
11.320000	4.366877	-0.617825	0.865645
11.340000	4.349990	-0.612535	0.869337
11.360000	4.334026	-0.606535	0.872967
11.380000	4.318815	-0.599852	0.876333
11.400000	4.304127	-0.592556	0.879291
11.420000	4.289745	-0.584854	0.881846
11.440000	4.275538	-0.577075	0.883850
11.460000	4.261055	-0.569596	0.885106
11.480000	4.245654	-0.562694	0.885492
11.500000	4.229172	-0.556552	0.884803
11.520000	4.211978	-0.551159	0.882986
11.540000	4.194354	-0.546328	0.880327
11.560000	4.176073	-0.541906	0.877221
11.580000	4.156361	-0.537730	0.873887
11.600000	4.134552	-0.533680	0.870145
11.620000	4.110327	-0.529711	0.865719
11.640000	4.083790	-0.525942	0.860401
11.660000	4.055633	-0.522798	0.853812
11.680000	4.026818	-0.520638	0.846540
11.700000	3.998989	-0.518910	0.840265
11.720000	3.973568	-0.516747	0.837633
11.740000	3.948111	-0.515637	0.837902
11.760000	3.922374	-0.515596	0.840478
11.780000	3.896498	-0.515488	0.844541
11.800000	3.870452	-0.513775	0.849312
11.820000	3.844283	-0.510446	0.854204
11.840000	3.818807	-0.506008	0.857622
11.860000	3.796057	-0.500584	0.859726
11.880000	3.776046	-0.495057	0.861713
11.900000	3.757365	-0.490717	0.864225
11.920000	3.738668	-0.488556	0.867297
11.940000	3.719173	-0.488643	0.870697
11.960000	3.698779	-0.490579	0.873989
11.980000	3.677705	-0.493795	0.876764
12.000000	3.656097	-0.497941	0.878885
12.020000	3.633855	-0.502835	0.880443
12.040000	3.611097	-0.508109	0.881300
12.060000	3.588016	-0.513396	0.881308
12.080000	3.564644	-0.518428	0.880245
12.100000	3.541157	-0.522837	0.877724
12.120000	3.517921	-0.526485	0.873548
12.140000	3.495168	-0.529578	0.867974
12.160000	3.472540	-0.532766	0.861698
12.180000	3.449457	-0.536752	0.855162
12.200000	3.425569	-0.541533	0.848677
12.220000	3.400559	-0.546796	0.842641
12.240000	3.374029	-0.552502	0.837265
12.260000	3.345610	-0.558623	0.832446
12.280000	3.316923	-0.565371	0.829396
12.300000	3.287943	-0.572789	0.828846
12.320000	3.257676	-0.580422	0.829708
12.340000	3.226821	-0.588264	0.831368
12.360000	3.198545	-0.597048	0.835209
12.380000	3.172276	-0.606268	0.841446
12.400000	3.147096	-0.615014	0.847698
12.420000	3.123967	-0.623001	0.853290
12.440000	3.103090	-0.629958	0.858384
12.460000	3.083059	-0.635804	0.863325
12.480000	3.062397	-0.640419	0.868111
12.500000	3.040867	-0.643664	0.872535
12.520000	3.019150	-0.645635	0.876466
12.540000	2.997817	-0.646658	0.879904
12.560000	2.977100	-0.647061	0.882819
12.580000	2.957089	-0.647063	0.885100
12.600000	2.937757	-0.646862	0.886648
12.620000	2.918818	-0.646819	0.887319
12.640000	2.899822	-0.647427	0.887037
12.660000	2.880398	-0.649022	0.885773
12.680000	2.860451	-0.651460	0.883512
12.700000	2.840069	-0.654300	0.880360
12.720000	2.819362	-0.657034	0.876506
12.740000	2.798173	-0.659405	0.872311
12.760000	2.776061	-0.661435	0.867977
12.780000	2.752454	-0.663239	0.863407
12.800000	2.727083	-0.664951	0.858370
12.820000	2.700147	-0.666842	0.852592
12.840000	2.672042	-0.669325	0.846167
12.860000	2.643269	-0.672235	0.839658
12.880000	2.616005	-0.673979	0.835944
12.900000	2.588378	-0.675984	0.835089
12.920000	2.560039	-0.678757	0.836812
12.940000	2.531223	-0.681601	0.840435
12.960000	2.502217	-0.683229	0.844869
12.980000	2.473610	-0.682917	0.849647
13.000000	2.446773	-0.680581	0.854114
13.020000	2.423152	-0.677310	0.857512
13.040000	2.402488	-0.673966	0.860526
13.060000	2.383045	-0.671228	0.863709
13.080000	2.363171	-0.669647	0.867155
13.100000	2.342153	-0.669674	0.870719
13.120000	2.320309	-0.671395	0.874143
13.140000	2.298214	-0.674487	0.877112
13.160000	2.276212	-0.678476	0.879397
13.180000	2.254117	-0.683011	0.881025
13.200000	2.231707	-0.687824	0.882072
13.220000	2.208976	-0.692763	0.882564
13.240000	2.185917	-0.697583	0.882225
13.260000	2.162553	-0.701875	0.880614
13.280000	2.138920	-0.705715	0.877718
13.300000	2.115254	-0.709643	0.873541
13.320000	2.091558	-0.713861	0.868719
13.340000	2.067491	-0.718729	0.863609
13.360000	2.042659	-0.724143	0.858559
13.380000	2.017149	-0.730016	0.853437
13.400000	1.990850	-0.735828	0.848524
13.420000	1.963140	-0.741131	0.844116
13.440000	1.933414	-0.745851	0.840285
13.460000	1.901534	-0.750401	0.836801
13.480000	1.868891	-0.755375	0.833756
13.500000	1.837401	-0.761037	0.832293
13.520000	1.805974	-0.766980	0.831560
13.540000	1.778026	-0.774180	0.835620
13.560000	1.751716	-0.781178	0.842147
13.580000	1.727932	-0.787310	0.848658
13.600000	1.707262	-0.792589	0.854682
13.620000	1.688020	-0.796724	0.860382
13.640000	1.667705	-0.799324	0.865997
13.660000	1.645742	-0.800020	0.871347
13.680000	1.623466	-0.798789	0.875979
13.700000	1.602223	-0.796165	0.879573
13.720000	1.582126	-0.792862	0.882155
13.740000	1.562795	-0.789520	0.883965
13.760000	1.543853	-0.786381	0.885262
13.780000	1.524814	-0.783871	0.886042
13.800000	1.505422	-0.782510	0.885895
13.820000	1.485642	-0.782409	0.884418
13.840000	1.465452	-0.783286	0.881498
13.860000	1.444753	-0.784602	0.877631
13.880000	1.423403	-0.785632	0.873401
13.900000	1.401371	-0.785896	0.869012
13.920000	1.378341	-0.785183	0.864429
13.940000	1.353854	-0.783379	0.859125
13.960000	1.327452	-0.781205	0.853350
13.980000	1.299385	-0.778941	0.846842
14.000000	1.270400	-0.776751	0.840023
14.020000	1.242825	-0.773733	0.835651
14.040000	1.214993	-0.770946	0.833805
14.060000	1.186559	-0.768858	0.834151
14.080000	1.157772	-0.767041	0.836232
14.100000	1.130832	-0.764063	0.841192
14.120000	1.105063	-0.760211	0.846940
14.140000	1.080514	-0.755573	0.852316
14.160000	1.057699	-0.749831	0.856024
14.180000	1.037004	-0.743464	0.858731
14.200000	1.017869	-0.737344	0.861433
14.220000	0.999330	-0.731975	0.864482
14.240000	0.980372	-0.727725	0.867664
14.260000	0.960471	-0.724936	0.870753
14.280000	0.939716	-0.723607	0.873634
14.300000	0.918355	-0.723310	0.876155
14.320000	0.896553	-0.723782	0.878228
14.340000	0.874414	-0.724814	0.879828
14.360000	0.852056	-0.726096	0.880929
14.380000	0.829587	-0.727250	0.881407
14.400000	0.806891	-0.727793	0.881011
14.420000	0.784054	-0.727490	0.879439
14.440000	0.761560	-0.726540	0.876546
14.460000	0.739781	-0.725395	0.872430
14.480000	0.718401	-0.724672	0.867549
14.500000	0.696406	-0.724752	0.862507
14.520000	0.672877	-0.725518	0.857592
14.540000	0.647752	-0.726857	0.852423
14.560000	0.621811	-0.728377	0.846455
14.580000	0.595788	-0.729425	0.839458
14.600000	0.570214	-0.729517	0.831950
14.620000	0.547345	-0.729306	0.827413
14.640000	0.524540	-0.727226	0.825075
14.660000	0.501456	-0.723889	0.824251
14.680000	0.479923	-0.721634	0.826342
14.700000	0.460251	-0.720395	0.831358
14.720000	0.441407	-0.718666	0.837478
14.740000	0.423025	-0.716018	0.843667
14.760000	0.405340	-0.712465	0.849209
14.780000	0.389095	-0.708358	0.853925
14.800000	0.374707	-0.703554	0.857896
14.820000	0.362064	-0.697634	0.861264
14.840000	0.350856	-0.690557	0.864206
14.860000	0.340353	-0.682520	0.866974
14.880000	0.329851	-0.674084	0.869496
14.900000	0.319101	-0.665768	0.871563
14.920000	0.308052	-0.657866	0.873083
14.940000	0.296793	-0.650372	0.874085
14.960000	0.285482	-0.643038	0.874474
14.980000	0.274234	-0.635858	0.874059
15.000000	0.262845	-0.628710	0.872629
15.020000	0.250864	-0.621035	0.870223
15.040000	0.238072	-0.612210	0.867056
15.060000	0.224801	-0.601616	0.863449
15.080000	0.211765	-0.588800	0.859671
15.100000	0.199518	-0.573754	0.855743
15.120000	0.188358	-0.557054	0.851861
15.140000	0.179333	-0.539474	0.849853
15.160000	0.171755	-0.520897	0.849689
15.180000	0.165247	-0.501788	0.850902
15.200000	0.159650	-0.482306	0.853053
15.220000	0.154660	-0.462537	0.855994
15.240000	0.150149	-0.442724	0.859617
15.260000	0.146262	-0.423288	0.863394
15.280000	0.142807	-0.404521	0.866642
15.300000	0.139337	-0.386950	0.867895
15.320000	0.136257	-0.370865	0.867254
15.340000	0.134849	-0.356314	0.867572
15.360000	0.134266	-0.342139	0.869070
15.380000	0.133897	-0.327369	0.871177
15.400000	0.133137	-0.311719	0.873246
15.420000	0.131614	-0.295541	0.874865
15.440000	0.129336	-0.279258	0.875788
15.460000	0.126643	-0.263004	0.876236
15.480000	0.123591	-0.246554	0.876623
15.500000	0.120358	-0.229733	0.877118
15.520000	0.117263	-0.212887	0.877578
15.540000	0.114706	-0.196496	0.877683
15.560000	0.112794	-0.180665	0.877118
15.580000	0.111289	-0.165041	0.875828
15.600000	0.109901	-0.148839	0.873804
15.620000	0.108599	-0.131185	0.871048
15.640000	0.107556	-0.111383	0.867621
15.660000	0.107023	-0.089043	0.863608
15.680000	0.107169	-0.064385	0.858850
15.700000	0.108245	-0.038349	0.852974
15.720000	0.110556	-0.012417	0.845428
15.740000	0.114666	0.012765	0.836414
15.760000	0.120358	0.037440	0.826775
15.780000	0.125389	0.059705	0.820767
15.800000	0.131883	0.081791	0.818014
15.820000	0.138382	0.102402	0.819732
15.840000	0.144408	0.121024	0.825883
15.860000	0.150980	0.138707	0.833189
15.880000	0.157931	0.156261	0.840205
15.900000	0.164585	0.174163	0.845936
15.920000	0.170792	0.191914	0.850387
15.940000	0.176614	0.208473	0.854153
15.960000	0.182211	0.222936	0.857810
15.980000	0.188380	0.235108	0.861475
16.000000	0.195416	0.245338	0.865072
16.020000	0.202928	0.254424	0.868325
16.040000	0.210619	0.263157	0.870945
16.060000	0.218409	0.271976	0.872805
16.080000	0.226251	0.280840	0.874034
16.100000	0.234078	0.289404	0.874878
16.120000	0.241675	0.297622	0.875318
16.140000	0.249195	0.305734	0.875276
16.160000	0.256937	0.313931	0.874663
16.180000	0.265231	0.322429	0.873404
16.200000	0.274472	0.331273	0.871496
16.220000	0.285186	0.340115	0.869205
16.240000	0.298093	0.348572	0.866968
16.260000	0.313630	0.356426	0.864914
16.280000	0.331701	0.363448	0.862905
16.300000	0.351759	0.369441	0.860662
16.320000	0.372934	0.374358	0.858029
16.340000	0.394298	0.378128	0.855907
16.360000	0.415611	0.381451	0.854540
16.380000	0.436617	0.384424	0.854000
16.400000	0.457476	0.386742	0.854403
16.420000	0.478545	0.388229	0.855873
16.440000	0.499922	0.388872	0.858400
16.460000	0.521512	0.388756	0.861791
16.480000	0.543047	0.388263	0.865421
16.500000	0.563890	0.388118	0.867923
16.520000	0.583595	0.388943	0.868486
16.540000	0.601369	0.389550	0.868077
16.560000	0.617394	0.388994	0.869253
16.580000	0.632505	0.388540	0.871667
16.600000	0.647199	0.388793	0.874775
16.620000	0.662024	0.389913	0.877975
16.640000	0.677206	0.391803	0.880718
16.660000	0.692689	0.394262	0.882647
16.680000	0.708793	0.397118	0.883830
16.700000	0.726168	0.400294	0.884592
16.720000	0.744918	0.403839	0.885202
16.740000	0.764506	0.407660	0.885656
16.760000	0.784427	0.411272	0.885582
16.780000	0.804095	0.414453	0.884574
16.800000	0.823058	0.417381	0.882471
16.820000	0.841632	0.420225	0.879361
16.840000	0.860851	0.423169	0.875775
16.860000	0.881815	0.426538	0.872269
16.880000	0.904924	0.430544	0.868822
16.900000	0.929599	0.435074	0.864852
16.920000	0.955164	0.439310	0.860216
16.940000	0.981845	0.442433	0.855685
16.960000	1.010345	0.444588	0.852021
16.980000	1.040709	0.446427	0.849487
17.000000	1.072328	0.448478	0.847875
17.020000	1.104515	0.450928	0.846650
17.040000	1.135825	0.454317	0.845868
17.060000	1.166316	0.458463	0.846583
17.080000	1.194676	0.464326	0.850536
17.100000	1.220295	0.470236	0.855045
17.120000	1.242549	0.475628	0.859731
17.140000	1.263389	0.479779	0.864673
17.160000	1.284818	0.481932	0.869692
17.180000	1.307149	0.481955	0.874363
17.200000	1.329746	0.480291	0.878172
17.220000	1.352056	0.477625	0.880851
17.240000	1.373950	0.474448	0.882710
17.260000	1.395133	0.471280	0.884101
17.280000	1.415272	0.468609	0.884785
17.300000	1.434601	0.466988	0.884506
17.320000	1.453493	0.466776	0.883113
17.340000	1.472624	0.467600	0.880714
17.360000	1.492342	0.468801	0.877473
17.380000	1.512175	0.469966	0.873372
17.400000	1.532159	0.470789	0.868890
17.420000	1.552899	0.470939	0.864302
17.440000	1.575452	0.470300	0.859402
17.460000	1.600867	0.469103	0.853687
17.480000	1.629268	0.467790	0.846924
17.500000	1.659999	0.466981	0.839491
17.520000	1.691918	0.466914	0.832174
17.540000	1.722031	0.466412	0.828004
17.560000	1.752610	0.466730	0.826642
17.580000	1.783886	0.468320	0.827615
17.600000	1.812858	0.469165	0.832702
17.620000	1.840775	0.469429	0.839784
17.640000	1.867577	0.468854	0.847072
17.660000	1.893551	0.467282	0.853023
17.680000	1.918111	0.464481	0.856179
17.700000	1.940106	0.460148	0.858258
17.720000	1.960751	0.455359	0.860987
17.740000	1.981567	0.452264	0.864667
17.760000	2.003330	0.452039	0.868953
17.780000	2.026018	0.454769	0.873279
17.800000	2.049527	0.459662	0.877292
17.820000	2.073378	0.465769	0.880694
17.840000	2.096993	0.472369	0.883386
17.860000	2.120191	0.478999	0.885121
17.880000	2.143098	0.485327	0.885784
17.900000	2.166099	0.491165	0.885420
17.920000	2.189579	0.496397	0.883887
17.940000	2.213468	0.501154	0.880706
17.960000	2.237130	0.505568	0.875573
17.980000	2.260430	0.509622	0.869076
18.000000	2.283635	0.513832	0.861451
18.020000	2.307465	0.518364	0.853063
18.040000	2.332876	0.523032	0.844329
18.060000	2.360340	0.527631	0.835363
18.080000	2.387085	0.532684	0.828528
18.100000	2.412445	0.537900	0.826048
18.120000	2.438125	0.541875	0.826737
18.140000	2.464238	0.544898	0.829583
18.160000	2.490463	0.547986	0.833530
18.180000	2.516025	0.551959	0.837845
18.200000	2.540575	0.556961	0.842361
18.220000	2.564399	0.562771	0.846926
18.240000	2.587227	0.569313	0.851044
18.260000	2.608238	0.576259	0.854409
18.280000	2.626585	0.582475	0.857174
18.300000	2.642977	0.587056	0.859862
18.320000	2.658995	0.589540	0.863041
18.340000	2.675719	0.589883	0.866776
18.360000	2.693027	0.588482	0.870743
18.380000	2.710298	0.586048	0.874508
18.400000	2.726916	0.583201	0.877655
18.420000	2.742579	0.580289	0.879988
18.440000	2.757472	0.577232	0.881736
18.460000	2.772272	0.574150	0.883066
18.480000	2.787439	0.571587	0.883717
18.500000	2.803158	0.569896	0.883367
18.520000	2.819388	0.568930	0.881884
18.540000	2.835949	0.568239	0.879398
18.560000	2.852717	0.567353	0.876318
18.580000	2.869911	0.565870	0.873145
18.600000	2.888101	0.563593	0.870139
18.620000	2.907758	0.560479	0.867338
18.640000	2.928917	0.556532	0.864675
18.660000	2.951134	0.551878	0.861988
18.680000	2.973922	0.546883	0.859367
18.700000	2.996959	0.541789	0.856966
18.720000	3.020020	0.536456	0.855142
18.740000	3.042104	0.530370	0.855258
18.760000	3.064252	0.524206	0.856961
18.780000	3.086624	0.518126	0.859792
18.800000	3.109176	0.511638	0.862146
18.820000	3.131132	0.504334	0.863266
18.840000	3.150939	0.495323	0.862263
18.860000	3.167784	0.484741	0.859790
18.880000	3.182127	0.472742	0.858445
18.900000	3.196503	0.460646	0.858329
18.920000	3.211832	0.449129	0.859431
18.940000	3.228116	0.438754	0.861528
18.960000	3.245090	0.429718	0.864152
18.980000	3.262537	0.421885	0.866794
19.000000	3.280362	0.414980	0.869305
19.020000	3.298451	0.408702	0.871711
19.040000	3.316565	0.402779	0.873729
19.060000	3.334389	0.396654	0.875231
19.080000	3.352001	0.390064	0.875774
19.100000	3.369753	0.383068	0.875385
19.120000	3.387758	0.375970	0.874226
19.140000	3.406065	0.368848	0.872479
19.160000	3.425032	0.361258	0.870373
19.180000	3.445177	0.352465	0.867960
19.200000	3.466393	0.342050	0.864895
19.220000	3.487846	0.329993	0.860544
19.240000	3.508454	0.316156	0.854616
19.260000	3.527753	0.300082	0.847449
19.280000	3.546352	0.281552	0.839439
19.300000	3.564463	0.262873	0.832876
19.320000	3.583009	0.244139	0.828936
19.340000	3.601311	0.227309	0.830353
19.360000	3.619073	0.211069	0.835440
19.380000	3.635713	0.194693	0.841918
19.400000	3.651730	0.178447	0.848391
19.420000	3.667146	0.163300	0.853564
19.440000	3.681291	0.149779	0.857840
19.460000	3.693973	0.136920	0.861858
19.480000	3.705129	0.123225	0.865916
19.500000	3.714341	0.108286	0.869923
19.520000	3.721772	0.092907	0.873436
19.540000	3.728167	0.078157	0.875907
19.560000	3.734168	0.064088	0.877330
19.580000	3.740324	0.050214	0.878037
19.600000	3.746986	0.036154	0.878187
19.620000	3.754343	0.021689	0.877812
19.640000	3.762476	0.007053	0.876735
19.660000	3.771279	-0.007544	0.874764
19.680000	3.780304	-0.022396	0.872010
19.700000	3.789069	-0.037832	0.868642
19.720000	3.797381	-0.054366	0.864827
19.740000	3.805035	-0.072570	0.860726
19.760000	3.811982	-0.093108	0.856467
19.780000	3.818252	-0.116176	0.851876
19.800000	3.824044	-0.141203	0.846688
19.820000	3.829832	-0.167412	0.841460
19.840000	3.835081	-0.193733	0.838071
19.860000	3.840567	-0.220849	0.836659
19.880000	3.846223	-0.248568	0.837124
19.900000	3.851544	-0.276552	0.839220
19.920000	3.855906	-0.304077	0.842849
19.940000	3.858617	-0.330449	0.848091
19.960000	3.859971	-0.355658	0.853004
19.980000	3.860420	-0.379313	0.857073
20.000000	3.860422	-0.400763	0.860049
20.020000	3.860220	-0.420038	0.862800
20.040000	3.860225	-0.438047	0.865792
20.060000	3.861020	-0.455821	0.868939
20.080000	3.863288	-0.474177	0.872062
20.100000	3.867275	-0.493215	0.875039
20.120000	3.872606	-0.512785	0.877644
20.140000	3.878715	-0.532843	0.879656
20.160000	3.885313	-0.553336	0.881073
20.180000	3.892211	-0.574105	0.881905
20.200000	3.899156	-0.595094	0.882149
20.220000	3.905916	-0.616401	0.881694
20.240000	3.912166	-0.637999	0.880259
20.260000	3.917849	-0.659710	0.877705
20.280000	3.923109	-0.681240	0.874006
20.300000	3.928339	-0.702572	0.869326
20.320000	3.934040	-0.724007	0.863976
20.340000	3.940255	-0.746293	0.858628
20.360000	3.947165	-0.769597	0.853335
20.380000	3.954468	-0.793632	0.848157
20.400000	3.961698	-0.818534	0.843364
20.420000	3.968611	-0.844806	0.839091
20.440000	3.975259	-0.872853	0.835309
20.460000	3.982092	-0.901875	0.832483
20.480000	3.989441	-0.930382	0.831721
20.500000	3.996988	-0.959369	0.832191
20.520000	4.004973	-0.987585	0.834515
20.540000	4.013423	-1.013333	0.840167
20.560000	4.020838	-1.038004	0.847047
20.580000	4.027127	-1.060513	0.853803
20.600000	4.032462	-1.080604	0.860061
20.620000	4.036561	-1.100108	0.865834
20.640000	4.038988	-1.120619	0.871191
20.660000	4.039647	-1.142128	0.875963
20.680000	4.039001	-1.163756	0.879895
20.700000	4.037701	-1.184674	0.882853
20.720000	4.036316	-1.204899	0.884991
20.740000	4.035207	-1.224680	0.886438
20.760000	4.034610	-1.244232	0.887229
20.780000	4.034722	-1.263609	0.887219
20.800000	4.035554	-1.282935	0.886331
20.820000	4.036945	-1.302273	0.884472
20.840000	4.038592	-1.321749	0.881610
20.860000	4.040185	-1.341473	0.878113
20.880000	4.041295	-1.361563	0.874321
20.900000	4.041637	-1.382554	0.870457
20.920000	4.041154	-1.405359	0.866467
20.940000	4.040080	-1.430526	0.861963
20.960000	4.038799	-1.457856	0.856412
20.980000	4.037730	-1.486598	0.849585
21.000000	4.037227	-1.516139	0.841735
21.020000	4.036545	-1.545026	0.834271
21.040000	4.034934	-1.571784	0.830138
21.060000	4.034410	-1.599198	0.828302
21.080000	4.035049	-1.627217	0.828098
21.100000	4.035373	-1.654465	0.829935
21.120000	4.034232	-1.679711	0.835170
21.140000	4.032183	-1.704117	0.841455
21.160000	4.029070	-1.727474	0.847676
21.180000	4.025290	-1.749247	0.852497
21.200000	4.021287	-1.768920	0.856048
21.220000	4.017758	-1.786815	0.859357
21.240000	4.015582	-1.803534	0.862829
21.260000	4.015391	-1.819750	0.866408
21.280000	4.017349	-1.836056	0.870028
21.300000	4.021106	-1.852769	0.873529
21.320000	4.025989	-1.870044	0.876740
21.340000	4.031560	-1.887746	0.879552
21.360000	4.037463	-1.905514	0.881770
21.380000	4.043318	-1.923273	0.883186
21.400000	4.049006	-1.941224	0.883745
21.420000	4.054522	-1.959506	0.883399
21.440000	4.059781	-1.978044	0.882041
21.460000	4.064722	-1.996707	0.879426
21.480000	4.069519	-2.015550	0.875430
21.500000	4.074540	-2.034741	0.870286
21.520000	4.080058	-2.054295	0.864314
21.540000	4.086208	-2.074108	0.857943
21.560000	4.092950	-2.094317	0.851570
21.580000	4.100206	-2.115356	0.845425
21.600000	4.108006	-2.137488	0.839473
21.620000	4.116426	-2.158013	0.835838
21.640000	4.125928	-2.177595	0.834877
21.660000	4.136327	-2.196508	0.836179
21.680000	4.147317	-2.214467	0.839457
21.700000	4.158615	-2.231248	0.844368
21.720000	4.169811	-2.247785	0.849944
21.740000	4.181062	-2.264484	0.854930
21.760000	4.192837	-2.280584	0.859072
21.780000	4.204730	-2.294981	0.861974
21.800000	4.216190	-2.307296	0.864073
21.820000	4.226883	-2.318487	0.866206
21.840000	4.236776	-2.329592	0.868813
21.860000	4.245667	-2.340684	0.871669
21.880000	4.253474	-2.351528	0.874427
21.900000	4.260237	-2.362159	0.876814
21.920000	4.266090	-2.372793	0.878881
21.940000	4.271028	-2.383391	0.880759
21.960000	4.275296	-2.393760	0.882463
21.980000	4.279424	-2.403559	0.883841
22.000000	4.283897	-2.412669	0.884929
22.020000	4.288955	-2.421347	0.885941
22.040000	4.294637	-2.429988	0.886956
22.060000	4.300739	-2.438709	0.887866
22.080000	4.306977	-2.447603	0.888490
22.100000	4.313723	-2.457157	0.888743
22.120000	4.321800	-2.467875	0.888606
22.140000	4.331673	-2.480153	0.888095
22.160000	4.343613	-2.493897	0.886952
22.180000	4.357475	-2.508443	0.884648
22.200000	4.372593	-2.522668	0.880557
22.220000	4.387876	-2.535429	0.874060
22.240000	4.402381	-2.545563	0.865623
22.260000	4.415192	-2.553561	0.858605
22.280000	4.426391	-2.560403	0.855456
22.300000	4.435767	-2.565896	0.855891
22.320000	4.443515	-2.570354	0.857738
22.340000	4.450530	-2.575028	0.859668
22.360000	4.458146	-2.580683	0.861237
22.380000	4.466966	-2.586806	0.861768
22.400000	4.476147	-2.592840	0.862377
22.420000	4.484641	-2.597519	0.863644
22.440000	4.491607	-2.600109	0.865537
22.460000	4.497163	-2.601147	0.867760
22.480000	4.502268	-2.601755	0.869823
22.500000	4.507962	-2.602360	0.871538
22.520000	4.514663	-2.602911	0.872892
22.540000	4.522601	-2.603193	0.873849
22.560000	4.531904	-2.603001	0.874243
22.580000	4.542378	-2.602210	0.873875
22.600000	4.553580	-2.600841	0.872409
22.620000	4.565158	-2.598897	0.869585
22.640000	4.577063	-2.596337	0.865747
22.660000	4.589363	-2.592783	0.861144
22.680000	4.602276	-2.587796	0.856020
22.700000	4.616084	-2.581047	0.850574
22.720000	4.630966	-2.572367	0.845021
22.740000	4.646872	-2.561934	0.839681
22.760000	4.663415	-2.550047	0.834709
22.780000	4.678893	-2.537444	0.831499
22.800000	4.693563	-2.523995	0.830452
22.820000	4.708180	-2.509712	0.831357
22.840000	4.722178	-2.494792	0.834741
22.860000	4.735813	-2.479017	0.840493
22.880000	4.750228	-2.462267	0.847249
22.900000	4.765760	-2.444620	0.854148
22.920000	4.782256	-2.426225	0.860318
22.940000	4.798332	-2.407529	0.865278
22.960000	4.813170	-2.389329	0.868381
22.980000	4.825504	-2.373175	0.869653
23.000000	4.835437	-2.359439	0.870357
23.020000	4.844197	-2.347376	0.871534
23.040000	4.852960	-2.335760	0.873555
23.060000	4.862363	-2.324037	0.876222
23.080000	4.872530	-2.312328	0.879131
23.100000	4.883283	-2.300763	0.881807
23.120000	4.894482	-2.289424	0.884028
23.140000	4.905973	-2.278434	0.885862
23.160000	4.917392	-2.268036	0.887304
23.180000	4.928510	-2.258234	0.888248
23.200000	4.939498	-2.248436	0.888644
23.220000	4.950720	-2.237852	0.888518
23.240000	4.962245	-2.226173	0.887800
23.260000	4.973964	-2.213544	0.886349
23.280000	4.985725	-2.200177	0.884143
23.300000	4.997364	-2.186251	0.881107
23.320000	5.008998	-2.171744	0.877271
23.340000	5.020993	-2.156319	0.872788
23.360000	5.033623	-2.139520	0.867505
23.380000	5.047039	-2.120662	0.861158
23.400000	5.061116	-2.099247	0.853685
23.420000	5.075283	-2.075554	0.845038
23.440000	5.088693	-2.052397	0.836716
23.460000	5.100909	-2.032791	0.832552
23.480000	5.111757	-2.012789	0.831166
23.500000	5.121525	-1.992040	0.831961
23.520000	5.130996	-1.971333	0.834362
23.540000	5.140930	-1.951402	0.838074
23.560000	5.151696	-1.932523	0.842833
23.580000	5.163290	-1.914885	0.847670
23.600000	5.175416	-1.898042	0.851653
23.620000	5.187299	-1.881637	0.853430
23.640000	5.198058	-1.867206	0.855373
23.660000	5.206906	-1.853994	0.858420
23.680000	5.213743	-1.840783	0.862444
23.700000	5.218899	-1.826843	0.866946
23.720000	5.222826	-1.811981	0.871186
23.740000	5.226057	-1.796284	0.874655
23.760000	5.228924	-1.779706	0.877324
23.780000	5.231417	-1.762227	0.879485
23.800000	5.233572	-1.743980	0.881276
23.820000	5.235657	-1.725346	0.882490
23.840000	5.237981	-1.706615	0.882788
23.860000	5.240635	-1.687863	0.882005
23.880000	5.243443	-1.669088	0.880132
23.900000	5.246377	-1.650261	0.877136
23.920000	5.249427	-1.631237	0.873243
23.940000	5.252151	-1.611737	0.869164
23.960000	5.253838	-1.591599	0.865535
23.980000	5.254065	-1.570944	0.862294
24.000000	5.252928	-1.550086	0.859012
24.020000	5.250923	-1.528761	0.856003
24.040000	5.248184	-1.506309	0.853718
24.060000	5.244703	-1.482445	0.852409
24.080000	5.240594	-1.457457	0.851960
24.100000	5.236107	-1.431727	0.852172
24.120000	5.231482	-1.405498	0.852858
24.140000	5.226719	-1.379584	0.854181
24.160000	5.221413	-1.354534	0.856593
24.180000	5.215114	-1.330672	0.860655
24.200000	5.208782	-1.307958	0.864723
24.220000	5.202606	-1.287464	0.868151
24.240000	5.196797	-1.268438	0.871139
24.260000	5.191625	-1.249459	0.874117
24.280000	5.187361	-1.230003	0.877203
24.300000	5.184110	-1.210614	0.880121
24.320000	5.181840	-1.191872	0.882591
24.340000	5.180399	-1.173880	0.884517
24.360000	5.179514	-1.156369	0.886000
24.380000	5.178847	-1.139085	0.887013
24.400000	5.177928	-1.121635	0.887482
24.420000	5.176244	-1.103703	0.887202
24.440000	5.173556	-1.085091	0.885981
24.460000	5.169924	-1.065743	0.883840
24.480000	5.165728	-1.045667	0.880905
24.500000	5.161267	-1.024953	0.877455
24.520000	5.156734	-1.003605	0.873529
24.540000	5.152018	-0.981362	0.869115
24.560000	5.146786	-0.957815	0.863926
24.580000	5.140554	-0.932761	0.857617
24.600000	5.132804	-0.906343	0.850132
24.620000	5.123323	-0.878820	0.841736
24.640000	5.114636	-0.852840	0.835936
24.660000	5.105314	-0.827297	0.833116
24.680000	5.094206	-0.801819	0.832630
24.700000	5.082632	-0.776898	0.834622
24.720000	5.072507	-0.753212	0.839943
24.740000	5.063212	-0.729780	0.845874
24.760000	5.055062	-0.706373	0.851602
24.780000	5.048490	-0.683345	0.855193
24.800000	5.044316	-0.662118	0.856909
24.820000	5.041833	-0.643322	0.858944
24.840000	5.038511	-0.626483	0.861750
24.860000	5.032714	-0.610735	0.865329
24.880000	5.024030	-0.595279	0.869245
24.900000	5.013028	-0.579892	0.873007
24.920000	5.000638	-0.564560	0.876271
24.940000	4.987554	-0.549421	0.878938
24.960000	4.974094	-0.534397	0.880970
24.980000	4.960469	-0.519178	0.882214
25.000000	4.946896	-0.503703	0.882424
25.020000	4.933542	-0.487860	0.881285
25.040000	4.920475	-0.471416	0.878521
25.060000	4.907662	-0.454470	0.874083
25.080000	4.894901	-0.437186	0.868359
25.100000	4.881850	-0.419754	0.861770
25.120000	4.868093	-0.402354	0.854860
25.140000	4.853360	-0.385027	0.848095
25.160000	4.837511	-0.367462	0.841980
25.180000	4.820356	-0.349001	0.836682
25.200000	4.801757	-0.329376	0.832292
25.220000	4.782366	-0.310846	0.830878
25.240000	4.761478	-0.292231	0.831865
25.260000	4.739593	-0.273630	0.834581
25.280000	4.717244	-0.255607	0.838379
25.300000	4.694958	-0.239103	0.842544
25.320000	4.673209	-0.224638	0.847322
25.340000	4.652513	-0.212350	0.851271
25.360000	4.633507	-0.202562	0.854038
25.380000	4.616119	-0.194236	0.856435
25.400000	4.599591	-0.185426	0.859409
25.420000	4.583396	-0.175221	0.863054
25.440000	4.567671	-0.163771	0.866942
25.460000	4.553038	-0.151773	0.870600
25.480000	4.539891	-0.139716	0.873936
25.500000	4.527843	-0.127600	0.877062
25.520000	4.516402	-0.115453	0.879934
25.540000	4.505160	-0.103485	0.882308
25.560000	4.493736	-0.091788	0.884044
25.580000	4.481740	-0.080328	0.885118
25.600000	4.468834	-0.069020	0.885513
25.620000	4.455066	-0.057855	0.885157
25.640000	4.440617	-0.046857	0.884090
25.660000	4.425510	-0.036023	0.882449
25.680000	4.409464	-0.025263	0.880305
25.700000	4.391713	-0.014270	0.877623
25.720000	4.371510	-0.002768	0.874134
25.740000	4.348565	0.009076	0.869505
25.760000	4.323335	0.020703	0.863509
25.780000	4.296865	0.031270	0.856119
25.800000	4.269949	0.040290	0.848218
25.820000	4.246148	0.048433	0.843450
25.840000	4.223337	0.055729	0.841861
25.860000	4.200633	0.061752	0.842784
25.880000	4.178399	0.067585	0.845737
25.900000	4.156807	0.075210	0.849790
25.920000	4.135141	0.084661	0.853871
25.940000	4.113889	0.095255	0.856500
25.960000	4.094932	0.105780	0.858346
25.980000	4.078030	0.115084	0.860162
26.000000	4.061548	0.122089	0.862603
26.020000	4.043767	0.126178	0.865707
26.040000	4.024152	0.127577	0.869116
26.060000	4.003273	0.127083	0.872205
26.080000	3.981888	0.125661	0.874467
26.100000	3.960263	0.124019	0.875672
26.120000	3.938298	0.122499	0.875806
26.140000	3.915891	0.121325	0.874945
26.160000	3.892920	0.120586	0.872936
26.180000	3.869399	0.120254	0.869438
26.200000	3.845514	0.120199	0.864224
26.220000	3.821499	0.120214	0.857319
26.240000	3.797297	0.120071	0.849285
26.260000	3.772433	0.119206	0.840935
26.280000	3.746463	0.117072	0.832965
26.300000	3.718994	0.113683	0.825928
26.320000	3.692344	0.109082	0.822066
26.340000	3.665847	0.103723	0.821944
26.360000	3.638707	0.098249	0.824616
26.380000	3.610749	0.092603	0.828782
26.400000	3.582384	0.086537	0.833382
26.420000	3.555632	0.079549	0.839016
26.440000	3.529802	0.071975	0.845296
26.460000	3.504938	0.064256	0.850874
26.480000	3.482010	0.056763	0.854974
26.500000	3.461775	0.050247	0.858068
26.520000	3.443527	0.045380	0.861178
26.540000	3.425364	0.041958	0.864937
26.560000	3.406211	0.039795	0.869186
26.580000	3.386249	0.038929	0.873442
26.600000	3.366348	0.039304	0.877383
26.620000	3.347096	0.040694	0.880788
26.640000	3.328382	0.042740	0.883601
26.660000	3.309970	0.045047	0.885782
26.680000	3.291592	0.047210	0.887255
26.700000	3.272970	0.048784	0.887904
26.720000	3.253896	0.049423	0.887552
26.740000	3.234348	0.049076	0.885976
26.760000	3.214457	0.047947	0.883153
26.780000	3.194435	0.046449	0.879354
26.800000	3.174122	0.044953	0.875023
26.820000	3.152885	0.043559	0.870597
26.840000	3.129962	0.042261	0.866239
26.860000	3.105045	0.041049	0.861734
26.880000	3.078323	0.039797	0.856586
26.900000	3.050576	0.038183	0.850297
26.920000	3.023248	0.036598	0.843882
26.940000	2.997381	0.036008	0.840107
26.960000	2.971228	0.034883	0.838717
26.980000	2.944797	0.033186	0.839527
27.000000	2.918413	0.031696	0.842210
27.020000	2.892373	0.031089	0.846364
27.040000	2.866885	0.031742	0.851304
27.060000	2.842105	0.033549	0.856214
27.080000	2.818324	0.035776	0.859815
27.100000	2.796160	0.037676	0.860773
27.120000	2.776427	0.040117	0.861711
27.140000	2.758127	0.042362	0.863718
27.160000	2.740159	0.043695	0.866568
27.180000	2.721834	0.043753	0.869866
27.200000	2.702911	0.042453	0.873211
27.220000	2.683334	0.040188	0.876134
27.240000	2.663114	0.037234	0.878411
27.260000	2.642307	0.033691	0.880131
27.280000	2.620977	0.029637	0.881374
27.300000	2.599322	0.025240	0.882112
27.320000	2.577464	0.020700	0.882179
27.340000	2.555365	0.016351	0.881312
27.360000	2.533199	0.012366	0.879337
27.380000	2.511304	0.008609	0.876255
27.400000	2.489620	0.004716	0.872431
27.420000	2.467506	0.000298	0.868486
27.440000	2.444072	-0.005048	0.864979
27.460000	2.419282	-0.011491	0.861828
27.480000	2.394097	-0.018485	0.858545
27.500000	2.368487	-0.024881	0.855583
27.520000	2.341586	-0.030266	0.853466
27.540000	2.312773	-0.034929	0.852260
27.560000	2.282237	-0.039485	0.851593
27.580000	2.250773	-0.044273	0.850895
27.600000	2.219331	-0.049544	0.849221
27.620000	2.188945	-0.055300	0.847540
27.640000	2.163050	-0.063001	0.850259
27.660000	2.139621	-0.070416	0.854153
27.680000	2.118964	-0.076792	0.858699
27.700000	2.099408	-0.081835	0.864066
27.720000	2.078860	-0.085063	0.869965
27.740000	2.056958	-0.086172	0.875547
27.760000	2.034564	-0.085385	0.880091
27.780000	2.012577	-0.083344	0.883324
27.800000	1.991252	-0.080802	0.885457
27.820000	1.970574	-0.078276	0.886782
27.840000	1.950640	-0.076138	0.887301
27.860000	1.931505	-0.074876	0.886756
27.880000	1.912868	-0.074903	0.885018
27.900000	1.893975	-0.076188	0.882366
27.920000	1.874248	-0.078244	0.878993
27.940000	1.853780	-0.080408	0.874969
27.960000	1.832599	-0.082173	0.870501
27.980000	1.810472	-0.083276	0.865681
28.000000	1.786878	-0.083793	0.860281
28.020000	1.761339	-0.084080	0.854012
28.040000	1.733876	-0.084558	0.846731
28.060000	1.705164	-0.085519	0.838889
28.080000	1.677368	-0.085920	0.833315
28.100000	1.649204	-0.086793	0.830244
28.120000	1.620530	-0.088566	0.829434
28.140000	1.593511	-0.089679	0.832446
28.160000	1.567837	-0.090340	0.839015
28.180000	1.542803	-0.091222	0.846331
28.200000	1.518787	-0.091441	0.852924
28.220000	1.495617	-0.090617	0.857607
28.240000	1.473755	-0.088509	0.859329
28.260000	1.454220	-0.084615	0.860654
28.280000	1.435698	-0.080324	0.862524
28.300000	1.417410	-0.076710	0.865148
28.320000	1.398630	-0.074572	0.868141
28.340000	1.379137	-0.074222	0.871124
28.360000	1.358902	-0.075280	0.873896
28.380000	1.338149	-0.077304	0.876373
28.400000	1.317235	-0.080080	0.878490
28.420000	1.296219	-0.083330	0.880189
28.440000	1.275063	-0.086669	0.881385
28.460000	1.253835	-0.089701	0.881858
28.480000	1.232774	-0.092015	0.881173
28.500000	1.212213	-0.093452	0.879111
28.520000	1.192525	-0.094326	0.875669
28.540000	1.173549	-0.095265	0.871401
28.560000	1.154374	-0.096910	0.866951
28.580000	1.133931	-0.099381	0.862624
28.600000	1.111423	-0.102429	0.858471
28.620000	1.086874	-0.105885	0.854057
28.640000	1.061423	-0.109390	0.848750
28.660000	1.036345	-0.112346	0.841945
28.680000	1.013288	-0.114504	0.834675
28.700000	0.993202	-0.115818	0.829998
28.720000	0.973319	-0.114943	0.827191
28.740000	0.953171	-0.112715	0.825846
28.760000	0.933865	-0.110974	0.826616
28.780000	0.916791	-0.110325	0.830771
28.800000	0.900685	-0.109319	0.836112
28.820000	0.884836	-0.107689	0.841861
28.840000	0.868608	-0.105339	0.847308
28.860000	0.852550	-0.102486	0.851900
28.880000	0.838135	-0.098920	0.855588
28.900000	0.825990	-0.094588	0.858609
28.920000	0.815821	-0.089372	0.861430
28.940000	0.806908	-0.083156	0.864135
28.960000	0.798330	-0.076471	0.866604
28.980000	0.789469	-0.069756	0.868571
29.000000	0.780290	-0.063244	0.869900
29.020000	0.771053	-0.056973	0.870670
29.040000	0.762031	-0.050648	0.871157
29.060000	0.753178	-0.044202	0.871319
29.080000	0.744219	-0.037684	0.870815
29.100000	0.734817	-0.030832	0.869482
29.120000	0.724710	-0.023077	0.867450
29.140000	0.713926	-0.013874	0.864920
29.160000	0.702855	-0.002599	0.862164
29.180000	0.692010	0.011315	0.859355
29.200000	0.682236	0.027599	0.856814
29.220000	0.673954	0.045788	0.854326
29.240000	0.667308	0.064295	0.852298
29.260000	0.661995	0.082367	0.851194
29.280000	0.658085	0.099887	0.851628
29.300000	0.655678	0.117038	0.854394
29.320000	0.653416	0.134449	0.858653
29.340000	0.650761	0.152194	0.863640
29.360000	0.647818	0.170228	0.868449
29.380000	0.644735	0.188062	0.871927
29.400000	0.641524	0.205315	0.873673
29.420000	0.638492	0.221333	0.873943
29.440000	0.636150	0.235769	0.874409
29.460000	0.634589	0.249112	0.875695
29.480000	0.633752	0.261932	0.877487
29.500000	0.633184	0.274678	0.879198
29.520000	0.632218	0.287590	0.880625
29.540000	0.630569	0.300883	0.881872
29.560000	0.628476	0.314594	0.882886
29.580000	0.626165	0.328579	0.883559
29.600000	0.623834	0.342785	0.883803
29.620000	0.621750	0.357248	0.883559
29.640000	0.620133	0.372036	0.882931
29.660000	0.619150	0.386948	0.882002
29.680000	0.618713	0.401702	0.880809
29.700000	0.618454	0.416409	0.879352
29.720000	0.618004	0.431661	0.877565
29.740000	0.617231	0.447755	0.875268
29.760000	0.616206	0.464826	0.872366
29.780000	0.615238	0.483204	0.868890
29.800000	0.614811	0.503328	0.864813
29.820000	0.615314	0.525368	0.859893
29.840000	0.616939	0.548769	0.853772
29.860000	0.619824	0.572616	0.846224
29.880000	0.623983	0.596422	0.837228
29.900000	0.627885	0.618811	0.828896
29.920000	0.631696	0.640681	0.823050
29.940000	0.635657	0.662039	0.820932
29.960000	0.638709	0.680778	0.824798
29.980000	0.643160	0.698128	0.831751
30.000000	0.649171	0.714633	0.839791
30.020000	0.655735	0.730811	0.847094
30.040000	0.661942	0.746967	0.853129
30.060000	0.666887	0.763044	0.857872
30.080000	0.670425	0.778319	0.861872
30.100000	0.673599	0.792344	0.865551
30.120000	0.677456	0.804878	0.869231
30.140000	0.682188	0.815777	0.872935
30.160000	0.687480	0.825139	0.876444
30.180000	0.692915	0.833187	0.879328
30.200000	0.698181	0.840162	0.881398
30.220000	0.702690	0.845926	0.882794
30.240000	0.706193	0.850531	0.883855
30.260000	0.708991	0.854517	0.884584
30.280000	0.711601	0.858641	0.884717
30.300000	0.714258	0.863414	0.883833
30.320000	0.716983	0.869086	0.881722
30.340000	0.720208	0.875622	0.878689
30.360000	0.724722	0.882923	0.875230
30.380000	0.730882	0.890501	0.872481
30.400000	0.738939	0.897932	0.871343
30.420000	0.747589	0.904630	0.871304
30.440000	0.755305	0.910001	0.871640
30.460000	0.761399	0.913984	0.871718
30.480000	0.766122	0.916985	0.871444
30.500000	0.770296	0.919631	0.871329
30.520000	0.774692	0.922548	0.871663
30.540000	0.779691	0.926006	0.872573
30.560000	0.785394	0.930108	0.874060
30.580000	0.791771	0.934693	0.875964
30.600000	0.798738	0.939363	0.878061
30.620000	0.806362	0.943853	0.880135
30.640000	0.814859	0.948055	0.882037
30.660000	0.824193	0.951912	0.883562
30.680000	0.834044	0.955047	0.884722
30.700000	0.844089	0.957656	0.885516
30.720000	0.853762	0.960006	0.886101
30.740000	0.862583	0.962290	0.886596
30.760000	0.870447	0.964538	0.887009
30.780000	0.877379	0.966579	0.887203
30.800000	0.883454	0.968149	0.887190
30.820000	0.889012	0.969265	0.887129
30.840000	0.894406	0.970292	0.887217
30.860000	0.899647	0.971791	0.887636
30.880000	0.904444	0.974190	0.888445
30.900000	0.908487	0.977518	0.889492
30.920000	0.911651	0.981440	0.890441
30.940000	0.914060	0.985444	0.891004
30.960000	0.916209	0.989089	0.891187
30.980000	0.918724	0.992147	0.891178
31.000000	0.921852	0.994579	0.891045
31.020000	0.925303	0.996536	0.890595
31.040000	0.928518	0.998379	0.889483
31.060000	0.931320	1.000469	0.887465
31.080000	0.934120	1.003023	0.884559
31.100000	0.937530	1.006271	0.881092
31.120000	0.942079	1.010059	0.878589
31.140000	0.947936	1.014144	0.876872
31.160000	0.954501	1.018730	0.876410
31.180000	0.961086	1.023531	0.876616
31.200000	0.967017	1.028296	0.876741
31.220000	0.972045	1.032731	0.876581
31.240000	0.976578	1.036739	0.876399
31.260000	0.981032	1.040253	0.876392
31.280000	0.985446	1.043545	0.876569
31.300000	0.989585	1.046930	0.876783
31.320000	0.993390	1.050525	0.876981
31.340000	0.996953	1.054346	0.877175
31.360000	1.000436	1.058242	0.877377
31.380000	1.003969	1.062011	0.877648
31.400000	1.007637	1.065473	0.878057
31.420000	1.011428	1.068555	0.878593
31.440000	1.015175	1.071267	0.879241
31.460000	1.018655	1.073685	0.879822
31.480000	1.021731	1.075911	0.880326
31.500000	1.024458	1.077957	0.880669
31.520000	1.026883	1.079817	0.880907
31.540000	1.029067	1.081514	0.881102
31.560000	1.031058	1.083109	0.881310
31.580000	1.032823	1.084686	0.881531
31.600000	1.034273	1.086296	0.881706
31.620000	1.035376	1.087898	0.881756
31.640000	1.036202	1.089403	0.881648
31.660000	1.036874	1.090722	0.881402
31.680000	1.037466	1.091832	0.881057
31.700000	1.037994	1.092767	0.880665
31.720000	1.038387	1.093560	0.880276
31.740000	1.038581	1.094165	0.880060
31.760000	1.038688	1.094550	0.879985
31.780000	1.038752	1.094742	0.879952
31.800000	1.038722	1.094747	0.879943
31.820000	1.038553	1.094560	0.879968
31.840000	1.038197	1.094193	0.880033
31.860000	1.037576	1.093693	0.880120
31.880000	1.036671	1.093096	0.880209
31.900000	1.035565	1.092393	0.880302
31.920000	1.034356	1.091581	0.880403
31.940000	1.033100	1.090703	0.880507
31.960000	1.031837	1.089805	0.880611
31.980000	1.030605	1.088913	0.880712
32.000000	1.029443	1.088051	0.880809
32.020000	1.028368	1.087249	0.880898
32.040000	1.027359	1.086523	0.880964
32.060000	1.026434	1.085884	0.881000
32.080000	1.025633	1.085343	0.881021
32.100000	1.024972	1.084906	0.881037
32.120000	1.024447	1.084568	0.881059
32.140000	1.024032	1.084328	0.881095
32.160000	1.023689	1.084179	0.881134
32.180000	1.023384	1.084096	0.881164
32.200000	1.023111	1.084056	0.881177
32.220000	1.022904	1.084056	0.881179
32.240000	1.022803	1.084100	0.881180
32.260000	1.022814	1.084208	0.881189
32.280000	1.022894	1.084411	0.881202
32.300000	1.022989	1.084721	0.881206
32.320000	1.023077	1.085113	0.881200
32.340000	1.023173	1.085549	0.881193
32.360000	1.023288	1.086001	0.881189
32.380000	1.023441	1.086442	0.881185
32.400000	1.023663	1.086842	0.881189
32.420000	1.023976	1.087184	0.881207
32.440000	1.024348	1.087471	0.881235
32.460000	1.024714	1.087713	0.881255
32.480000	1.025030	1.087911	0.881262
32.500000	1.025283	1.088048	0.881262
32.520000	1.025486	1.088119	0.881268
32.540000	1.025657	1.088132	0.881284
32.560000	1.025791	1.088103	0.881301
32.580000	1.025887	1.088039	0.881315
32.600000	1.025963	1.087949	0.881331
32.620000	1.026021	1.087840	0.881352
32.640000	1.026053	1.087721	0.881375
32.660000	1.026054	1.087595	0.881395
32.680000	1.026032	1.087462	0.881405
32.700000	1.026000	1.087319	0.881404
32.720000	1.025975	1.087159	0.881397
32.740000	1.025958	1.086983	0.881392
32.760000	1.025930	1.086802	0.881387
32.780000	1.025859	1.086620	0.881378
32.800000	1.025743	1.086435	0.881370
32.820000	1.025604	1.086247	0.881371
32.840000	1.025446	1.086061	0.881377
32.860000	1.025266	1.085880	0.881380
32.880000	1.025084	1.085700	0.881375
32.900000	1.024918	1.085521	0.881364
32.920000	1.024776	1.085351	0.881349
32.940000	1.024661	1.085193	0.881332
32.960000	1.024570	1.085048	0.881315
32.980000	1.024500	1.084917	0.881295
33.000000	1.024459	1.084799	0.881273
33.020000	1.024452	1.084690	0.881250
33.040000	1.024472	1.084589	0.881226
33.060000	1.024500	1.084502	0.881198
33.080000	1.024524	1.084430	0.881165
33.100000	1.024551	1.084374	0.881134
33.120000	1.024579	1.084334	0.881107
33.140000	1.024602	1.084313	0.881082
33.160000	1.024623	1.084308	0.881059
33.180000	1.024645	1.084319	0.881040
33.200000	1.024662	1.084352	0.881026
33.220000	1.024675	1.084404	0.881017
33.240000	1.024692	1.084462	0.881013
33.260000	1.024722	1.084510	0.881014
33.280000	1.024771	1.084538	0.881018
33.300000	1.024839	1.084541	0.881020
33.320000	1.024923	1.084520	0.881017
33.340000	1.025021	1.084474	0.881009
33.360000	1.025128	1.084406	0.880999
33.380000	1.025230	1.084326	0.880988
33.400000	1.025309	1.084248	0.880976
33.420000	1.025361	1.084184	0.880965
33.440000	1.025392	1.084132	0.880959
33.460000	1.025417	1.084085	0.880964
33.480000	1.025436	1.084038	0.880979
33.500000	1.025442	1.083993	0.880997
33.520000	1.025428	1.083948	0.881011
33.540000	1.025399	1.083898	0.881018
33.560000	1.025367	1.083838	0.881018
33.580000	1.025344	1.083765	0.881015
33.600000	1.025334	1.083678	0.881012
33.620000	1.025327	1.083582	0.881010
33.640000	1.025310	1.083480	0.881007
33.660000	1.025276	1.083378	0.881004
33.680000	1.025219	1.083279	0.880998
33.700000	1.025140	1.083192	0.880988
33.720000	1.025049	1.083119	0.880976
33.740000	1.024956	1.083063	0.880961
33.760000	1.024865	1.083020	0.880942
33.780000	1.024782	1.082987	0.880920
33.800000	1.024707	1.082959	0.880897
33.820000	1.024635	1.082934	0.880877
33.840000	1.024559	1.082913	0.880859
33.860000	1.024475	1.082894	0.880843
33.880000	1.024391	1.082881	0.880828
33.900000	1.024310	1.082875	0.880816
33.920000	1.024232	1.082882	0.880805
33.940000	1.024158	1.082903	0.880798
33.960000	1.024086	1.082936	0.880794
33.980000	1.024010	1.082974	0.880791
34.000000	1.023933	1.083008	0.880785
34.020000	1.023858	1.083031	0.880777
34.040000	1.023791	1.083040	0.880769
34.060000	1.023743	1.083040	0.880765
34.080000	1.023710	1.083041	0.880768
34.100000	1.023684	1.083051	0.880776
34.120000	1.023653	1.083070	0.880784
34.140000	1.023605	1.083097	0.880789
34.160000	1.023529	1.083125	0.880789
34.180000	1.023429	1.083149	0.880786
34.200000	1.023328	1.083163	0.880786
34.220000	1.023242	1.083172	0.880791
34.240000	1.023171	1.083187	0.880797
34.260000	1.023101	1.083207	0.880795
34.280000	1.023022	1.083221	0.880783
34.300000	1.022933	1.083217	0.880764
34.320000	1.022841	1.083201	0.880749
34.340000	1.022750	1.083183	0.880742
34.360000	1.022656	1.083173	0.880740
34.380000	1.022546	1.083177	0.880733
34.400000	1.022424	1.083197	0.880719
34.420000	1.022301	1.083225	0.880704
34.440000	1.022181	1.083251	0.880692
34.460000	1.022058	1.083276	0.880679
34.480000	1.021933	1.083302	0.880658
34.500000	1.021816	1.083326	0.880637
34.520000	1.021712	1.083346	0.880622
34.520000	1.021597	1.083368	0.880611
34.520000	1.021441	1.083401	0.880595
34.520000	1.021254	1.083440	0.880577
34.520000	1.021072	1.083477	0.880568
34.520000	1.020912	1.083513	0.880573
34.520000	1.020760	1.083559	0.880583
34.520000	1.020600	1.083624	0.880588
34.520000	1.020440	1.083700	0.880590
34.520000	1.020297	1.083780	0.880594
34.520000	1.020173	1.083860	0.880602
34.520000	1.020051	1.083942	0.880610
34.520000	1.019918	1.084031	0.880615
34.520000	1.019773	1.084126	0.880615
34.520000	1.019625	1.084223	0.880614
34.520000	1.019480	1.084320	0.880613
34.520000	1.019343	1.084414	0.880610
34.520000	1.019215	1.084507	0.880608
34.520000	1.019099	1.084599	0.880605
34.520000	1.018995	1.084691	0.880602
34.520000	1.018902	1.084782	0.880599
34.520000	1.018821	1.084871	0.880596
34.520000	1.018753	1.084959	0.880595
34.520000	1.018696	1.085044	0.880594
34.520000	1.018649	1.085129	0.880594
34.520000	1.018610	1.085212	0.880595
34.520000	1.018580	1.085293	0.880596
34.520000	1.018557	1.085373	0.880598
34.520000	1.018542	1.085452	0.880600
