time	left_hand_x	left_hand_y	left_hand_z	right_hand_x	right_hand_y	right_hand_z
0.020000	0.009218	0.176967	1.168993	-0.016262	-0.190609	1.167304
0.040000	0.009316	0.178411	1.163376	-0.016337	-0.190722	1.161690
0.060000	0.009451	0.179819	1.153905	-0.016407	-0.190881	1.152098
0.080000	0.009448	0.180590	1.141276	-0.016494	-0.191172	1.139778
0.100000	0.008470	0.180222	1.131886	-0.017063	-0.191494	1.130402
0.120000	0.006339	0.179516	1.127642	-0.018290	-0.191554	1.124981
0.140000	0.003254	0.178518	1.128112	-0.019960	-0.191712	1.123035
0.160000	-0.000176	0.177766	1.130685	-0.021800	-0.192006	1.122030
0.180000	-0.003514	0.176994	1.133523	-0.023673	-0.192553	1.120869
0.200000	-0.006605	0.176014	1.135879	-0.025635	-0.193447	1.119332
0.220000	-0.011179	0.177551	1.135574	-0.030457	-0.196613	1.116778
0.240000	-0.017056	0.183049	1.129957	-0.038304	-0.203172	1.112033
0.260000	-0.021898	0.188408	1.122088	-0.045833	-0.210970	1.107281
0.280000	-0.025476	0.191443	1.117832	-0.052857	-0.219133	1.106505
0.300000	-0.028357	0.192529	1.118585	-0.059013	-0.226863	1.109792
0.320000	-0.029758	0.192383	1.122136	-0.065074	-0.234022	1.115649
0.340000	-0.029553	0.191416	1.126922	-0.070870	-0.241165	1.122964
0.360000	-0.028873	0.190432	1.130098	-0.076606	-0.248373	1.129467
0.380000	-0.030153	0.190005	1.129439	-0.083079	-0.255239	1.131789
0.400000	-0.034809	0.189829	1.125336	-0.090495	-0.261781	1.128646
0.420000	-0.041247	0.188999	1.117655	-0.099020	-0.267765	1.121212
0.440000	-0.047476	0.186609	1.110566	-0.107519	-0.272056	1.114528
0.460000	-0.051832	0.182806	1.108367	-0.114206	-0.274237	1.113434
0.480000	-0.054323	0.178532	1.110192	-0.118420	-0.275505	1.116780
0.500000	-0.054975	0.174265	1.114508	-0.120425	-0.276731	1.123142
0.520000	-0.054513	0.170440	1.119462	-0.120626	-0.278135	1.130310
0.540000	-0.055848	0.167709	1.122470	-0.120920	-0.280003	1.133846
0.560000	-0.061535	0.166424	1.122344	-0.123135	-0.282949	1.130535
0.580000	-0.069826	0.165924	1.119065	-0.127616	-0.286217	1.122229
0.600000	-0.077746	0.165104	1.112476	-0.133207	-0.288830	1.111437
0.620000	-0.083182	0.163342	1.106459	-0.137511	-0.290258	1.103500
0.640000	-0.086597	0.161232	1.107135	-0.139768	-0.290340	1.103345
0.660000	-0.087963	0.159440	1.111362	-0.139695	-0.290510	1.107917
0.680000	-0.087386	0.157842	1.117363	-0.137849	-0.291006	1.115085
0.700000	-0.086369	0.156950	1.122589	-0.135428	-0.291779	1.121664
0.720000	-0.087345	0.157159	1.124748	-0.133938	-0.293097	1.124034
0.740000	-0.091140	0.158143	1.123989	-0.133631	-0.295267	1.121414
0.760000	-0.095843	0.158462	1.121543	-0.134506	-0.297285	1.117494
0.780000	-0.099256	0.157688	1.120875	-0.135955	-0.298032	1.115902
0.800000	-0.100570	0.156778	1.122067	-0.137122	-0.297954	1.117818
0.820000	-0.100315	0.156276	1.124113	-0.137514	-0.297727	1.122313
0.840000	-0.098766	0.156200	1.126545	-0.136920	-0.297532	1.128196
0.860000	-0.096187	0.156411	1.129070	-0.135428	-0.297245	1.134246
0.880000	-0.094400	0.157095	1.130095	-0.133692	-0.297173	1.137853
0.900000	-0.095018	0.158199	1.128400	-0.132520	-0.297582	1.137353
0.920000	-0.096767	0.159057	1.125619	-0.131818	-0.297751	1.134777
0.940000	-0.097308	0.159306	1.123213	-0.131245	-0.296918	1.132841
0.960000	-0.095696	0.159631	1.122067	-0.130548	-0.295073	1.133032
0.980000	-0.092401	0.160534	1.121877	-0.129700	-0.292799	1.134961
1.000000	-0.087850	0.161786	1.121613	-0.128532	-0.290652	1.137348
1.020000	-0.082550	0.163114	1.121057	-0.126870	-0.288676	1.139178
1.040000	-0.077124	0.164628	1.120089	-0.124925	-0.286741	1.139991
1.060000	-0.072072	0.166322	1.118597	-0.122877	-0.284793	1.139850
1.080000	-0.067207	0.167893	1.117031	-0.120786	-0.282692	1.139497
1.100000	-0.062108	0.169343	1.115733	-0.118656	-0.280378	1.139258
1.120000	-0.056536	0.170849	1.114474	-0.116556	-0.278050	1.139080
1.140000	-0.050530	0.172419	1.112811	-0.114378	-0.275975	1.138714
1.160000	-0.044312	0.173901	1.110536	-0.112000	-0.274252	1.137965
1.180000	-0.038106	0.175172	1.107747	-0.109408	-0.272836	1.136844
1.200000	-0.032111	0.176199	1.104668	-0.106625	-0.271695	1.135510
1.220000	-0.026484	0.176999	1.101436	-0.103708	-0.270818	1.134150
1.240000	-0.021315	0.177594	1.098045	-0.100703	-0.270235	1.132745
1.260000	-0.016579	0.178004	1.094321	-0.097652	-0.269989	1.131086
1.280000	-0.012199	0.178207	1.090301	-0.094537	-0.270078	1.129068
1.300000	-0.008081	0.178207	1.086192	-0.091267	-0.270447	1.126784
1.320000	-0.004159	0.178071	1.081964	-0.087741	-0.271064	1.124238
1.340000	-0.000386	0.177860	1.077328	-0.083957	-0.271897	1.121242
1.360000	0.003342	0.177541	1.072062	-0.079931	-0.272879	1.117521
1.380000	0.007118	0.177046	1.066195	-0.075632	-0.273909	1.112973
1.400000	0.010978	0.176413	1.059883	-0.071167	-0.274881	1.107705
1.420000	0.014927	0.175815	1.053189	-0.066736	-0.275781	1.101731
1.440000	0.018937	0.175416	1.046114	-0.062347	-0.276699	1.095006
1.460000	0.022948	0.175280	1.038704	-0.057770	-0.277697	1.087625
1.480000	0.026905	0.175411	1.031019	-0.052759	-0.278776	1.079747
1.500000	0.030802	0.175764	1.023092	-0.047202	-0.279908	1.071442
1.520000	0.034690	0.176193	1.014944	-0.041180	-0.281018	1.062749
1.540000	0.038658	0.176537	1.006609	-0.034923	-0.281964	1.053699
1.560000	0.042876	0.176736	0.998141	-0.028659	-0.282643	1.044304
1.580000	0.047510	0.176826	0.989688	-0.022486	-0.283077	1.034601
1.600000	0.052555	0.176895	0.981244	-0.016360	-0.283413	1.024566
1.620000	0.057937	0.177000	0.972575	-0.010256	-0.283796	1.014134
1.640000	0.063648	0.177093	0.963538	-0.004195	-0.284255	1.003306
1.660000	0.069619	0.177107	0.954119	0.001881	-0.284776	0.992104
1.680000	0.075656	0.177103	0.944340	0.008056	-0.285340	0.980532
1.700000	0.081628	0.177206	0.934318	0.014288	-0.285888	0.968716
1.720000	0.087570	0.177495	0.924033	0.020477	-0.286403	0.956751
1.740000	0.093545	0.177940	0.913307	0.026630	-0.286967	0.944676
1.760000	0.099666	0.178496	0.902072	0.032798	-0.287620	0.932547
1.780000	0.105958	0.179127	0.890416	0.039022	-0.288357	0.920425
1.800000	0.112320	0.179837	0.878471	0.045295	-0.289134	0.908323
1.820000	0.118667	0.180638	0.866383	0.051529	-0.289883	0.896310
1.840000	0.124950	0.181503	0.854231	0.057711	-0.290622	0.884464
1.860000	0.131142	0.182390	0.842081	0.063926	-0.291415	0.872928
1.880000	0.137321	0.183316	0.829964	0.070220	-0.292322	0.861839
1.900000	0.143585	0.184301	0.817925	0.076597	-0.293403	0.851219
1.920000	0.149897	0.185322	0.806150	0.083078	-0.294628	0.840962
1.940000	0.156118	0.186373	0.794865	0.089661	-0.295890	0.830908
1.960000	0.162132	0.187462	0.784033	0.096298	-0.297112	0.820875
1.980000	0.167889	0.188552	0.773467	0.102951	-0.298252	0.810806
2.000000	0.173417	0.189568	0.763087	0.109592	-0.299281	0.800823
2.020000	0.178792	0.190432	0.752974	0.116209	-0.300200	0.791061
2.040000	0.184049	0.191101	0.743349	0.122783	-0.301050	0.781560
2.060000	0.189127	0.191585	0.734465	0.129233	-0.301853	0.772447
2.080000	0.194001	0.191938	0.726251	0.135476	-0.302605	0.763916
2.100000	0.198711	0.192187	0.718410	0.141488	-0.303334	0.756008
2.120000	0.203233	0.192302	0.710832	0.147325	-0.304110	0.748599
2.140000	0.207504	0.192289	0.703436	0.153082	-0.305030	0.741465
2.160000	0.211471	0.192136	0.696097	0.158746	-0.306097	0.734476
2.180000	0.215084	0.191811	0.688837	0.164183	-0.307242	0.727625
2.200000	0.218363	0.191288	0.681763	0.169281	-0.308447	0.720941
2.220000	0.221366	0.190567	0.675010	0.174042	-0.309727	0.714449
2.240000	0.224105	0.189662	0.668734	0.178413	-0.311076	0.708245
2.260000	0.226549	0.188575	0.663039	0.182229	-0.312488	0.702532
2.280000	0.228705	0.187309	0.657856	0.185452	-0.313946	0.697429
2.300000	0.230614	0.185868	0.653206	0.188182	-0.315393	0.692920
2.320000	0.232259	0.184283	0.649402	0.190512	-0.316771	0.688921
2.340000	0.233624	0.182669	0.646423	0.192544	-0.318045	0.685202
2.360000	0.234775	0.181131	0.643738	0.194319	-0.319184	0.681504
2.380000	0.235795	0.179661	0.640940	0.195780	-0.320185	0.677859
2.400000	0.236696	0.178209	0.637926	0.196986	-0.321154	0.674412
2.420000	0.237379	0.176779	0.634782	0.198141	-0.322199	0.671067
2.440000	0.237669	0.175426	0.631724	0.199323	-0.323316	0.667663
2.460000	0.237439	0.174169	0.628982	0.200394	-0.324427	0.664269
2.480000	0.236736	0.172999	0.626566	0.201249	-0.325461	0.661048
2.500000	0.235731	0.171892	0.624393	0.201892	-0.326402	0.658066
2.520000	0.234556	0.170822	0.622497	0.202327	-0.327270	0.655340
2.540000	0.233277	0.169790	0.620875	0.202566	-0.328087	0.652846
2.560000	0.231925	0.168829	0.619484	0.202615	-0.328832	0.650610
2.580000	0.230487	0.167977	0.618320	0.202448	-0.329449	0.648745
2.600000	0.228933	0.167236	0.617337	0.202112	-0.329900	0.647273
2.620000	0.227298	0.166601	0.616409	0.201696	-0.330188	0.646090
2.640000	0.225645	0.166076	0.615423	0.201216	-0.330356	0.645090
2.660000	0.223957	0.165631	0.614380	0.200606	-0.330462	0.644257
2.680000	0.222167	0.165245	0.613396	0.199842	-0.330543	0.643574
2.700000	0.220231	0.164949	0.612564	0.198972	-0.330612	0.642981
2.720000	0.218165	0.164764	0.611885	0.197996	-0.330655	0.642472
2.740000	0.216004	0.164679	0.611377	0.196843	-0.330631	0.642072
2.760000	0.213753	0.164687	0.611108	0.195469	-0.330505	0.641785
2.780000	0.211438	0.164803	0.611097	0.193872	-0.330283	0.641634
2.800000	0.209103	0.165041	0.611257	0.192043	-0.329987	0.641617
2.820000	0.206729	0.165394	0.611497	0.189972	-0.329627	0.641664
2.840000	0.204279	0.165854	0.611788	0.187704	-0.329217	0.641688
2.860000	0.201751	0.166424	0.612079	0.185334	-0.328769	0.641614
2.880000	0.199155	0.167098	0.612330	0.182879	-0.328278	0.641411
2.900000	0.196488	0.167851	0.612571	0.180270	-0.327734	0.641132
2.920000	0.193718	0.168641	0.612877	0.177483	-0.327131	0.640882
2.940000	0.190819	0.169447	0.613346	0.174540	-0.326451	0.640772
2.960000	0.187798	0.170272	0.614024	0.171462	-0.325694	0.640884
2.980000	0.184701	0.171116	0.614815	0.168331	-0.324895	0.641261
3.000000	0.181556	0.171951	0.615664	0.165260	-0.324082	0.641874
3.020000	0.178357	0.172751	0.616684	0.162317	-0.323255	0.642647
3.040000	0.175155	0.173528	0.617924	0.159511	-0.322433	0.643593
3.060000	0.172049	0.174305	0.619295	0.156825	-0.321633	0.644813
3.080000	0.169118	0.175087	0.620727	0.154226	-0.320850	0.646382
3.100000	0.166387	0.175838	0.622240	0.151749	-0.320127	0.648247
3.120000	0.163816	0.176538	0.623932	0.149530	-0.319520	0.650311
3.140000	0.161337	0.177209	0.625918	0.147642	-0.319009	0.652539
3.160000	0.158948	0.177882	0.628212	0.145985	-0.318559	0.654932
3.180000	0.156717	0.178554	0.630783	0.144442	-0.318151	0.657549
3.200000	0.154699	0.179200	0.633736	0.142987	-0.317769	0.660544
3.220000	0.152924	0.179805	0.637223	0.141658	-0.317420	0.664050
3.240000	0.151364	0.180371	0.641300	0.140540	-0.317145	0.668027
3.260000	0.149934	0.180919	0.645985	0.139661	-0.316948	0.672372
3.280000	0.148573	0.181456	0.651306	0.138915	-0.316782	0.677095
3.300000	0.147272	0.181952	0.657292	0.138180	-0.316608	0.682347
3.320000	0.146057	0.182361	0.664016	0.137437	-0.316421	0.688300
3.340000	0.144993	0.182675	0.671568	0.136724	-0.316250	0.695026
3.360000	0.144111	0.182904	0.679995	0.136061	-0.316106	0.702542
3.380000	0.143381	0.183063	0.689302	0.135448	-0.315980	0.710890
3.400000	0.142733	0.183163	0.699449	0.134900	-0.315879	0.720063
3.420000	0.142034	0.183238	0.710405	0.134478	-0.315799	0.729926
3.440000	0.141238	0.183354	0.722001	0.134199	-0.315735	0.740297
3.460000	0.140453	0.183525	0.733798	0.133975	-0.315714	0.750922
3.480000	0.139689	0.183661	0.745529	0.133726	-0.315742	0.761596
3.500000	0.138930	0.183711	0.757403	0.133421	-0.315797	0.772367
3.520000	0.138272	0.183719	0.769612	0.133070	-0.315908	0.783353
3.540000	0.137764	0.183732	0.781911	0.132735	-0.316153	0.794501
3.560000	0.137364	0.183711	0.793979	0.132391	-0.316561	0.805779
3.580000	0.136986	0.183560	0.805872	0.131886	-0.317091	0.817331
3.600000	0.136519	0.183246	0.817754	0.131199	-0.317721	0.829163
3.620000	0.135902	0.182777	0.829661	0.130514	-0.318462	0.841055
3.640000	0.135151	0.182148	0.841604	0.129951	-0.319287	0.852843
3.660000	0.134346	0.181384	0.853539	0.129459	-0.320161	0.864462
3.680000	0.133590	0.180530	0.865342	0.128977	-0.321089	0.875852
3.700000	0.132948	0.179615	0.876949	0.128486	-0.322056	0.886963
3.720000	0.132418	0.178638	0.888448	0.127937	-0.322996	0.897833
3.740000	0.131999	0.177607	0.899921	0.127291	-0.323889	0.908533
3.760000	0.131697	0.176539	0.911277	0.126536	-0.324756	0.919083
3.780000	0.131422	0.175405	0.922454	0.125652	-0.325565	0.929493
3.800000	0.131059	0.174175	0.933489	0.124682	-0.326269	0.939701
3.820000	0.130559	0.172848	0.944409	0.123719	-0.326856	0.949614
3.840000	0.129900	0.171464	0.955150	0.122789	-0.327332	0.959193
3.860000	0.129064	0.170080	0.965568	0.121796	-0.327713	0.968389
3.880000	0.128042	0.168707	0.975634	0.120645	-0.327997	0.977206
3.900000	0.126838	0.167325	0.985433	0.119324	-0.328169	0.985744
3.920000	0.125494	0.165903	0.995071	0.117862	-0.328220	0.994163
3.940000	0.124082	0.164417	1.004658	0.116267	-0.328158	1.002644
3.960000	0.122647	0.162879	1.014198	0.114554	-0.328039	1.011267
3.980000	0.121194	0.161336	1.023616	0.112719	-0.327918	1.019952
4.000000	0.119694	0.159822	1.032837	0.110737	-0.327820	1.028545
4.020000	0.118160	0.158365	1.041827	0.108553	-0.327747	1.036932
4.040000	0.116607	0.156975	1.050460	0.106155	-0.327748	1.045041
4.060000	0.115012	0.155662	1.058494	0.103571	-0.327881	1.052701
4.080000	0.113338	0.154402	1.065845	0.100822	-0.328121	1.059791
4.100000	0.111603	0.153176	1.072526	0.097937	-0.328423	1.066275
4.120000	0.109847	0.151966	1.078522	0.094930	-0.328762	1.072208
4.140000	0.108055	0.150754	1.083901	0.091738	-0.329087	1.077718
4.160000	0.106153	0.149564	1.088803	0.088290	-0.329369	1.082829
4.180000	0.104121	0.148484	1.093239	0.084585	-0.329623	1.087413
4.200000	0.101948	0.147552	1.097209	0.080673	-0.329855	1.091507
4.220000	0.099584	0.146755	1.100840	0.076564	-0.330053	1.095275
4.240000	0.096979	0.146076	1.104267	0.072279	-0.330224	1.098770
4.260000	0.094090	0.145504	1.107616	0.067862	-0.330354	1.101979
4.280000	0.090898	0.145045	1.110940	0.063355	-0.330426	1.104891
4.300000	0.087439	0.144718	1.114201	0.058804	-0.330434	1.107491
4.320000	0.083791	0.144558	1.117309	0.054275	-0.330378	1.109787
4.340000	0.080033	0.144584	1.120248	0.049803	-0.330256	1.111863
4.360000	0.076234	0.144801	1.123089	0.045350	-0.330057	1.113840
4.380000	0.072468	0.145245	1.125765	0.040873	-0.329788	1.115682
4.400000	0.068750	0.145916	1.128175	0.036402	-0.329444	1.117301
4.420000	0.065041	0.146748	1.130305	0.032019	-0.328972	1.118755
4.440000	0.061330	0.147681	1.132097	0.027773	-0.328317	1.120036
4.460000	0.057621	0.148710	1.133554	0.023600	-0.327461	1.121098
4.480000	0.053899	0.149869	1.134747	0.019397	-0.326472	1.121979
4.500000	0.050173	0.151178	1.135766	0.015113	-0.325437	1.122760
4.520000	0.046469	0.152620	1.136669	0.010764	-0.324421	1.123496
4.540000	0.042780	0.154140	1.137410	0.006411	-0.323473	1.124246
4.560000	0.039092	0.155635	1.138000	0.002082	-0.322598	1.125176
4.580000	0.035458	0.157014	1.138490	-0.002208	-0.321779	1.126354
4.600000	0.032008	0.158234	1.138845	-0.006360	-0.321001	1.127620
4.620000	0.028867	0.159299	1.139006	-0.010244	-0.320252	1.128849
4.640000	0.026059	0.160247	1.138925	-0.013821	-0.319561	1.130032
4.660000	0.023505	0.161117	1.138634	-0.017215	-0.318938	1.131195
4.680000	0.021128	0.161934	1.138275	-0.020571	-0.318345	1.132351
4.700000	0.018919	0.162694	1.137915	-0.023853	-0.317774	1.133480
4.720000	0.016889	0.163375	1.137478	-0.026905	-0.317242	1.134564
4.740000	0.015022	0.163979	1.136912	-0.029676	-0.316728	1.135556
4.760000	0.013263	0.164532	1.136348	-0.032279	-0.316179	1.136406
4.780000	0.011554	0.165068	1.135970	-0.034811	-0.315585	1.137152
4.800000	0.009889	0.165615	1.135789	-0.037261	-0.314981	1.137863
4.820000	0.008325	0.166188	1.135649	-0.039586	-0.314405	1.138509
4.840000	0.006900	0.166774	1.135428	-0.041788	-0.313864	1.139029
4.860000	0.005556	0.167324	1.135169	-0.043934	-0.313337	1.139498
4.880000	0.004215	0.167822	1.134972	-0.046084	-0.312793	1.139990
4.900000	0.002872	0.168298	1.134861	-0.048218	-0.312230	1.140465
4.920000	0.001523	0.168794	1.134789	-0.050332	-0.311683	1.140902
4.940000	0.000144	0.169332	1.134727	-0.052494	-0.311176	1.141337
4.960000	-0.001254	0.169870	1.134692	-0.054721	-0.310706	1.141793
4.980000	-0.002671	0.170353	1.134668	-0.056920	-0.310283	1.142295
5.000000	-0.004134	0.170749	1.134593	-0.059011	-0.309930	1.142863
