time	left_foot_x	left_foot_y	left_foot_z	right_foot_x	right_foot_y	right_foot_z
0.020000	-0.005258	0.094009	0.068851	-0.002533	-0.104015	0.064928
0.040000	-0.014440	0.090652	0.073364	-0.002388	-0.123842	0.060787
0.060000	-0.024931	0.105088	0.073790	0.005975	-0.150508	0.053091
0.080000	-0.038159	0.138069	0.062876	0.018040	-0.179113	0.040844
0.100000	-0.054505	0.182997	0.047179	0.022510	-0.187941	0.038084
0.120000	-0.067888	0.216091	0.039989	0.023338	-0.188749	0.039514
0.140000	-0.071786	0.223308	0.042001	0.023719	-0.188619	0.040605
0.160000	-0.077081	0.229529	0.045996	0.023902	-0.188500	0.041249
0.180000	-0.087402	0.240799	0.050160	0.023928	-0.188229	0.041639
0.200000	-0.101073	0.255696	0.054484	0.023883	-0.187977	0.041845
0.220000	-0.118458	0.277638	0.058261	0.019428	-0.184836	0.044724
0.240000	-0.135899	0.304037	0.061094	0.008244	-0.176366	0.048705
0.260000	-0.149358	0.322598	0.063874	0.004058	-0.172417	0.045696
0.280000	-0.157887	0.330242	0.066979	0.001939	-0.173322	0.039876
0.300000	-0.159838	0.328167	0.069798	0.001830	-0.173989	0.039944
0.320000	-0.155433	0.315984	0.072108	0.002040	-0.174284	0.040734
0.340000	-0.144261	0.293914	0.072988	0.002134	-0.174703	0.041281
0.360000	-0.127653	0.263307	0.072305	0.001966	-0.176316	0.042500
0.380000	-0.106186	0.229332	0.067847	0.002118	-0.180778	0.047539
0.400000	-0.085272	0.200113	0.058624	0.003513	-0.191203	0.059092
0.420000	-0.080708	0.188940	0.048888	0.006515	-0.209869	0.077677
0.440000	-0.083074	0.186480	0.038638	0.009496	-0.236142	0.106383
0.460000	-0.083212	0.186347	0.038505	0.011693	-0.268449	0.150483
0.480000	-0.083417	0.186376	0.039860	0.013370	-0.305968	0.211465
0.500000	-0.084047	0.185965	0.040830	0.015481	-0.350268	0.289713
0.520000	-0.085357	0.185235	0.041349	0.018530	-0.402583	0.383442
0.540000	-0.086852	0.184586	0.041557	0.023684	-0.463758	0.487747
0.560000	-0.087996	0.184117	0.041645	0.031822	-0.533411	0.600065
0.580000	-0.088178	0.183753	0.041813	0.045432	-0.609048	0.716468
0.600000	-0.087898	0.183431	0.042036	0.068152	-0.686320	0.833719
0.620000	-0.086819	0.183730	0.042502	0.101429	-0.751111	0.949396
0.640000	-0.081764	0.189185	0.044750	0.135939	-0.785323	1.056089
0.660000	-0.075061	0.197070	0.050107	0.155924	-0.790653	1.151450
0.680000	-0.073119	0.203047	0.055393	0.157344	-0.780772	1.241759
0.700000	-0.078396	0.200653	0.057386	0.142451	-0.761816	1.326752
0.720000	-0.079228	0.196183	0.056321	0.118275	-0.736400	1.398069
0.740000	-0.077331	0.191264	0.053988	0.094076	-0.708718	1.453444
0.760000	-0.073774	0.185831	0.051116	0.074286	-0.681753	1.495842
0.780000	-0.068582	0.179910	0.047398	0.057359	-0.655633	1.526211
0.800000	-0.062073	0.174101	0.042526	0.041308	-0.631262	1.544446
0.820000	-0.059289	0.172076	0.040451	0.025667	-0.613007	1.550385
0.840000	-0.058839	0.171980	0.040832	0.010333	-0.603273	1.542797
0.860000	-0.058744	0.172158	0.041402	-0.004272	-0.599947	1.521187
0.880000	-0.058695	0.172531	0.041833	-0.018667	-0.599355	1.485446
0.900000	-0.058743	0.173053	0.042042	-0.033780	-0.598252	1.435244
0.920000	-0.059001	0.173360	0.042027	-0.049591	-0.594289	1.370369
0.940000	-0.059610	0.173166	0.041984	-0.065258	-0.585972	1.291012
0.960000	-0.060546	0.172536	0.042031	-0.080349	-0.572695	1.198247
0.980000	-0.061684	0.171720	0.042131	-0.094715	-0.554545	1.094577
1.000000	-0.062936	0.170941	0.042215	-0.107875	-0.531487	0.982849
1.020000	-0.064402	0.170223	0.042268	-0.118899	-0.502624	0.865021
1.040000	-0.066320	0.169391	0.042255	-0.126585	-0.466836	0.742694
1.060000	-0.069086	0.168297	0.042224	-0.130223	-0.423303	0.617538
1.080000	-0.073011	0.166909	0.042194	-0.130262	-0.371430	0.493268
1.100000	-0.077888	0.165337	0.042193	-0.128078	-0.310915	0.376231
1.120000	-0.083685	0.163953	0.042397	-0.124983	-0.243053	0.274244
1.140000	-0.092616	0.164546	0.043365	-0.122676	-0.170942	0.193807
1.160000	-0.111243	0.171651	0.043030	-0.122775	-0.096863	0.135005
1.180000	-0.130564	0.184798	0.042779	-0.126136	-0.021980	0.092480
1.200000	-0.146403	0.198253	0.044071	-0.133463	0.052896	0.061419
1.220000	-0.160528	0.211968	0.045345	-0.137218	0.095859	0.043124
1.240000	-0.171930	0.226055	0.047467	-0.137936	0.105557	0.038950
1.260000	-0.181781	0.241682	0.052342	-0.137920	0.105905	0.039780
1.280000	-0.191725	0.261165	0.060246	-0.138143	0.105480	0.040746
1.300000	-0.202216	0.286385	0.069695	-0.138428	0.105548	0.041337
1.320000	-0.212036	0.317384	0.077523	-0.138880	0.105796	0.041933
1.340000	-0.220729	0.354082	0.081156	-0.139973	0.105556	0.043258
1.360000	-0.228307	0.395747	0.080890	-0.141879	0.104375	0.045686
1.380000	-0.235739	0.442729	0.077602	-0.144398	0.102431	0.048737
1.400000	-0.243138	0.494614	0.073785	-0.146653	0.100802	0.051449
1.420000	-0.251329	0.551111	0.070970	-0.148112	0.100031	0.053329
1.440000	-0.259459	0.608864	0.069660	-0.148567	0.100295	0.054217
1.460000	-0.267511	0.666303	0.068980	-0.148279	0.101011	0.054278
1.480000	-0.274250	0.721028	0.068170	-0.147464	0.102063	0.053805
1.500000	-0.280841	0.772437	0.067213	-0.146585	0.102979	0.053186
1.520000	-0.286044	0.817388	0.065421	-0.145798	0.103761	0.052642
1.540000	-0.291684	0.854928	0.062731	-0.145394	0.104020	0.052357
1.560000	-0.297051	0.883427	0.057876	-0.145401	0.103908	0.052416
1.580000	-0.304244	0.904049	0.050755	-0.145889	0.103394	0.052952
1.600000	-0.307141	0.915523	0.045337	-0.146640	0.103629	0.054198
1.620000	-0.307729	0.921808	0.043135	-0.148070	0.104280	0.056570
1.640000	-0.308189	0.924624	0.042646	-0.150610	0.105796	0.060139
1.660000	-0.308579	0.925460	0.042799	-0.154151	0.108301	0.064764
1.680000	-0.308678	0.925374	0.043160	-0.160348	0.115754	0.067943
1.700000	-0.308545	0.924923	0.043583	-0.166812	0.124131	0.070768
1.720000	-0.308307	0.924375	0.044073	-0.174127	0.135762	0.071549
1.740000	-0.307911	0.923667	0.044657	-0.180568	0.145825	0.071475
1.760000	-0.307528	0.922920	0.045336	-0.183255	0.152065	0.072586
1.780000	-0.306951	0.922071	0.045994	-0.184730	0.155804	0.074122
1.800000	-0.306414	0.921133	0.046781	-0.186137	0.158670	0.076024
1.820000	-0.305802	0.920006	0.047559	-0.188048	0.160891	0.077817
1.840000	-0.305139	0.918749	0.048300	-0.190080	0.162644	0.079573
1.860000	-0.304472	0.917542	0.048978	-0.192220	0.163466	0.080950
1.880000	-0.304328	0.916730	0.049623	-0.193916	0.163406	0.082017
1.900000	-0.304987	0.916717	0.050294	-0.195345	0.161648	0.082886
1.920000	-0.306953	0.917760	0.051276	-0.198018	0.159115	0.082525
1.940000	-0.309326	0.918983	0.052684	-0.200305	0.156512	0.080654
1.960000	-0.311220	0.919714	0.053982	-0.200307	0.152836	0.079611
1.980000	-0.312223	0.919391	0.055343	-0.200049	0.148887	0.078688
2.000000	-0.312612	0.917873	0.057044	-0.199903	0.145361	0.077963
2.020000	-0.313064	0.915238	0.059514	-0.199898	0.142143	0.077473
2.040000	-0.314040	0.911896	0.062529	-0.200147	0.139039	0.077138
2.060000	-0.315594	0.908087	0.065787	-0.200787	0.135842	0.076992
2.080000	-0.317584	0.904214	0.068858	-0.202200	0.132507	0.077200
2.100000	-0.320091	0.900719	0.071823	-0.204442	0.129144	0.077803
2.120000	-0.323024	0.897893	0.074502	-0.206957	0.126209	0.078714
2.140000	-0.326070	0.895815	0.076862	-0.209286	0.124249	0.079799
2.160000	-0.328880	0.894332	0.078811	-0.211437	0.123426	0.081125
2.180000	-0.331085	0.893122	0.080412	-0.213751	0.123528	0.082871
2.200000	-0.332487	0.891912	0.081501	-0.216861	0.124106	0.085047
2.220000	-0.333065	0.890549	0.082174	-0.221123	0.124930	0.087586
2.240000	-0.332981	0.888913	0.082528	-0.226695	0.125936	0.090248
2.260000	-0.332337	0.886927	0.082737	-0.233616	0.127446	0.092526
2.280000	-0.331352	0.884474	0.082874	-0.241235	0.129155	0.095011
2.300000	-0.330199	0.881459	0.083139	-0.249952	0.131975	0.096572
2.320000	-0.329193	0.877736	0.083665	-0.259362	0.135362	0.097838
2.340000	-0.328793	0.873267	0.084607	-0.269415	0.139951	0.098296
2.360000	-0.328993	0.867779	0.085886	-0.279786	0.144781	0.098749
2.380000	-0.330594	0.861317	0.087825	-0.290685	0.150474	0.098264
2.400000	-0.332641	0.852598	0.090382	-0.301877	0.156352	0.097242
2.420000	-0.337256	0.841685	0.092610	-0.313302	0.162218	0.095942
2.440000	-0.346684	0.830272	0.093984	-0.324873	0.168162	0.094559
2.460000	-0.361028	0.820508	0.094902	-0.336984	0.174526	0.092490
2.480000	-0.379081	0.811410	0.095187	-0.349576	0.181464	0.090112
2.500000	-0.399228	0.803499	0.094892	-0.363032	0.189270	0.087270
2.520000	-0.420655	0.796078	0.094224	-0.377790	0.197854	0.084430
2.540000	-0.440289	0.790553	0.094456	-0.395618	0.209960	0.080815
2.560000	-0.455184	0.790988	0.094788	-0.418466	0.225595	0.076094
2.580000	-0.469695	0.799904	0.093951	-0.444513	0.239836	0.067661
2.600000	-0.492015	0.816218	0.093111	-0.467716	0.248316	0.059492
2.620000	-0.521787	0.840861	0.088133	-0.475590	0.245416	0.053181
2.640000	-0.554353	0.863061	0.094148	-0.476965	0.238649	0.049716
2.660000	-0.587556	0.882613	0.109881	-0.477003	0.233568	0.046453
2.680000	-0.610740	0.897613	0.136549	-0.476895	0.230539	0.044478
2.700000	-0.618677	0.906630	0.172390	-0.477716	0.229859	0.049102
2.720000	-0.617658	0.908247	0.214814	-0.479309	0.230492	0.054165
2.740000	-0.615456	0.903505	0.261048	-0.481371	0.232867	0.056099
2.760000	-0.614545	0.890986	0.307576	-0.483693	0.236816	0.056040
2.780000	-0.614542	0.869378	0.351351	-0.487170	0.240223	0.058925
2.800000	-0.613882	0.837948	0.390928	-0.489938	0.243858	0.064631
2.820000	-0.611847	0.797760	0.426326	-0.491176	0.249593	0.072443
2.840000	-0.607264	0.749546	0.457663	-0.490030	0.258259	0.081276
2.860000	-0.601633	0.694877	0.485107	-0.487085	0.270313	0.091863
2.880000	-0.596984	0.634969	0.508157	-0.483437	0.289076	0.101387
2.900000	-0.594921	0.571084	0.526527	-0.480810	0.314822	0.109660
2.920000	-0.594160	0.502887	0.539600	-0.480586	0.344837	0.117493
2.940000	-0.594054	0.430554	0.545975	-0.483152	0.376789	0.125745
2.960000	-0.593695	0.354563	0.543986	-0.487748	0.409389	0.133545
2.980000	-0.593848	0.276844	0.531566	-0.493324	0.442541	0.140301
3.000000	-0.594438	0.199982	0.507193	-0.498664	0.472350	0.149500
3.020000	-0.597082	0.127043	0.473696	-0.503925	0.498463	0.162188
3.040000	-0.602311	0.059264	0.432868	-0.509310	0.523092	0.175586
3.060000	-0.609886	-0.002360	0.386221	-0.515141	0.546579	0.188842
3.080000	-0.619259	-0.057261	0.334566	-0.521496	0.567730	0.201900
3.100000	-0.629776	-0.104401	0.279234	-0.528228	0.585039	0.214501
3.120000	-0.640872	-0.143690	0.221325	-0.534902	0.597064	0.224740
3.140000	-0.651702	-0.174876	0.161477	-0.539614	0.603795	0.231271
3.160000	-0.661915	-0.198076	0.100307	-0.541576	0.604688	0.232682
3.180000	-0.661508	-0.200901	0.075617	-0.539099	0.601399	0.228434
3.200000	-0.658144	-0.201447	0.079678	-0.533493	0.594273	0.218330
3.220000	-0.655791	-0.206122	0.092615	-0.526994	0.583184	0.203388
3.240000	-0.652217	-0.209428	0.107099	-0.519944	0.568457	0.184050
3.260000	-0.643592	-0.203699	0.116830	-0.509576	0.552107	0.162770
3.280000	-0.630892	-0.188432	0.118421	-0.499806	0.535386	0.140666
3.300000	-0.615338	-0.165640	0.111873	-0.491771	0.518822	0.121778
3.320000	-0.598261	-0.139073	0.100288	-0.489321	0.507761	0.119793
3.340000	-0.584260	-0.120544	0.098743	-0.488825	0.497896	0.122242
3.360000	-0.569759	-0.101981	0.099601	-0.487754	0.487090	0.125583
3.380000	-0.555566	-0.082883	0.102253	-0.485887	0.475423	0.129306
3.400000	-0.542080	-0.062474	0.103914	-0.483097	0.462757	0.131843
3.420000	-0.529689	-0.041971	0.104502	-0.479226	0.449123	0.132575
3.440000	-0.518248	-0.022894	0.104302	-0.474586	0.434499	0.131480
3.460000	-0.507648	-0.006569	0.104606	-0.469514	0.419466	0.129374
3.480000	-0.497623	0.006899	0.105661	-0.464680	0.404816	0.127225
3.500000	-0.488648	0.017704	0.108000	-0.461202	0.391476	0.126269
3.520000	-0.480788	0.027141	0.110367	-0.458253	0.380363	0.127134
3.540000	-0.473801	0.035906	0.111693	-0.455343	0.372113	0.129790
3.560000	-0.467552	0.043230	0.112974	-0.452813	0.366268	0.133579
3.580000	-0.461803	0.049056	0.114253	-0.450565	0.362151	0.138319
3.600000	-0.456501	0.053634	0.115377	-0.448601	0.358797	0.143666
