time	left_foot_x	left_foot_y	left_foot_z	right_foot_x	right_foot_y	right_foot_z
0.020000	-0.038368	0.221027	0.084663	0.242283	-0.452289	0.187360
0.040000	-0.038330	0.221031	0.079061	0.242317	-0.452247	0.181666
0.060000	-0.038246	0.221052	0.069518	0.242395	-0.452181	0.172078
0.080000	-0.038109	0.221090	0.056024	0.242517	-0.452116	0.158589
0.100000	-0.037211	0.222245	0.041516	0.242561	-0.451601	0.141436
0.120000	-0.036081	0.224465	0.038490	0.241484	-0.447316	0.122274
0.140000	-0.035961	0.224527	0.039945	0.238136	-0.437528	0.102123
0.160000	-0.035939	0.224351	0.041037	0.232165	-0.422376	0.081897
0.180000	-0.035934	0.224326	0.041492	0.224221	-0.402868	0.062710
0.200000	-0.035977	0.224376	0.041589	0.221831	-0.390205	0.051464
0.220000	-0.036321	0.226636	0.042603	0.223399	-0.386256	0.049655
0.240000	-0.038318	0.230375	0.044997	0.220867	-0.381742	0.050964
0.260000	-0.040610	0.228359	0.047477	0.218858	-0.379203	0.051559
0.280000	-0.039005	0.219758	0.049465	0.220622	-0.378514	0.048427
0.300000	-0.032033	0.202362	0.050750	0.224605	-0.377659	0.042171
0.320000	-0.020944	0.174338	0.051318	0.226149	-0.377909	0.039872
0.340000	-0.006771	0.136045	0.051876	0.225869	-0.378455	0.040397
0.360000	0.010098	0.088913	0.052861	0.225338	-0.379601	0.041454
0.380000	0.028363	0.039678	0.052224	0.224924	-0.382100	0.044188
0.400000	0.044080	-0.002316	0.045792	0.224855	-0.388547	0.051886
0.420000	0.049811	-0.014557	0.042554	0.223029	-0.402147	0.066975
0.440000	0.051322	-0.017461	0.041929	0.218921	-0.426241	0.093912
0.460000	0.051837	-0.018749	0.041711	0.214811	-0.459688	0.138093
0.480000	0.051733	-0.019477	0.041635	0.212768	-0.500702	0.199979
0.500000	0.051000	-0.020144	0.041598	0.214715	-0.551003	0.278597
0.520000	0.049950	-0.020926	0.041541	0.221561	-0.612543	0.371970
0.540000	0.049012	-0.021785	0.041520	0.234790	-0.686859	0.475529
0.560000	0.048292	-0.022801	0.041668	0.255774	-0.773162	0.586675
0.580000	0.048272	-0.023887	0.042241	0.285385	-0.866353	0.701881
0.600000	0.048668	-0.024955	0.043351	0.325437	-0.958807	0.819192
0.620000	0.049009	-0.030636	0.047273	0.373149	-1.033433	0.936580
0.640000	0.048464	-0.049028	0.054332	0.410492	-1.071780	1.039518
0.660000	0.046371	-0.078158	0.061996	0.420732	-1.085695	1.123148
0.680000	0.040103	-0.114107	0.067255	0.408785	-1.092967	1.198811
0.700000	0.029663	-0.152203	0.067331	0.383061	-1.096549	1.269075
0.720000	0.019199	-0.187983	0.059551	0.351826	-1.092952	1.329881
0.740000	0.013077	-0.218573	0.045930	0.324002	-1.082641	1.380275
0.760000	0.011219	-0.227943	0.038055	0.305705	-1.072733	1.420438
0.780000	0.009999	-0.228282	0.038889	0.295954	-1.068282	1.449581
0.800000	0.009559	-0.228004	0.040303	0.289307	-1.067142	1.467332
0.820000	0.009644	-0.228111	0.041208	0.282053	-1.068783	1.473536
0.840000	0.010026	-0.228467	0.041862	0.272270	-1.072456	1.467157
0.860000	0.010596	-0.228999	0.042440	0.260267	-1.077509	1.448079
0.880000	0.011266	-0.229583	0.042963	0.246868	-1.083432	1.417148
0.900000	0.012763	-0.230181	0.043061	0.232278	-1.088922	1.374194
0.920000	0.014184	-0.230685	0.042994	0.216645	-1.092150	1.318250
0.940000	0.015396	-0.231319	0.042814	0.200528	-1.091549	1.248919
0.960000	0.016076	-0.232203	0.042650	0.184984	-1.086925	1.166092
0.980000	0.016075	-0.232983	0.042399	0.170604	-1.078576	1.071481
1.000000	0.015377	-0.233555	0.042027	0.157781	-1.065724	0.967125
1.020000	0.014083	-0.234127	0.041878	0.147220	-1.046486	0.854606
1.040000	0.012565	-0.234949	0.041854	0.140112	-1.018684	0.735735
1.060000	0.010712	-0.236022	0.041891	0.137426	-0.981013	0.613377
1.080000	0.008224	-0.237249	0.041966	0.139673	-0.933827	0.491552
1.100000	0.004748	-0.238569	0.042137	0.147070	-0.878401	0.374990
1.120000	0.000123	-0.239766	0.042550	0.159169	-0.815859	0.270045
1.140000	-0.006159	-0.239686	0.043023	0.174194	-0.747271	0.183672
1.160000	-0.012787	-0.237946	0.043767	0.189160	-0.674639	0.119334
1.180000	-0.018515	-0.233407	0.044121	0.200302	-0.599206	0.074566
1.200000	-0.023318	-0.225901	0.045183	0.203196	-0.538351	0.045472
1.220000	-0.028396	-0.213311	0.050320	0.202359	-0.524142	0.038420
1.240000	-0.031332	-0.200253	0.059504	0.202060	-0.522740	0.039590
1.260000	-0.032024	-0.186509	0.069546	0.201975	-0.522557	0.041342
1.280000	-0.030734	-0.171151	0.078940	0.202154	-0.521501	0.042772
1.300000	-0.028377	-0.152836	0.087802	0.202585	-0.519571	0.043619
1.320000	-0.024501	-0.130718	0.094935	0.202959	-0.517537	0.043996
1.340000	-0.019556	-0.103940	0.099269	0.203280	-0.515917	0.044085
1.360000	-0.014395	-0.074035	0.102014	0.203581	-0.514729	0.044040
1.380000	-0.009470	-0.041002	0.104147	0.203789	-0.514080	0.043667
1.400000	-0.003848	-0.005845	0.106742	0.203871	-0.514029	0.042646
1.420000	0.001787	0.032266	0.110575	0.203863	-0.514306	0.041581
1.440000	0.009134	0.071177	0.114884	0.204235	-0.514026	0.041704
1.460000	0.017467	0.110839	0.118999	0.204499	-0.513858	0.041859
1.480000	0.028072	0.149111	0.121652	0.204676	-0.513746	0.041884
1.500000	0.039514	0.185572	0.122896	0.204722	-0.513811	0.041828
1.520000	0.053026	0.217689	0.121933	0.204730	-0.513891	0.041776
1.540000	0.066364	0.244597	0.119540	0.204713	-0.513935	0.041744
1.560000	0.079654	0.265033	0.115603	0.204680	-0.513942	0.041750
1.580000	0.090036	0.279525	0.110810	0.204651	-0.513880	0.041763
1.600000	0.099174	0.288032	0.104442	0.204627	-0.513810	0.041808
1.620000	0.105742	0.292029	0.096672	0.204736	-0.513760	0.041865
1.640000	0.112105	0.291715	0.087047	0.204839	-0.513615	0.041954
1.660000	0.116891	0.288713	0.075717	0.204999	-0.513246	0.042161
1.680000	0.122766	0.283338	0.062293	0.204896	-0.512660	0.042524
1.700000	0.126388	0.280637	0.051442	0.204405	-0.512124	0.043332
1.720000	0.130103	0.282691	0.047070	0.202877	-0.511989	0.044836
1.740000	0.131948	0.285058	0.045385	0.200673	-0.511800	0.047168
1.760000	0.131546	0.286432	0.045471	0.198377	-0.510774	0.050386
1.780000	0.131168	0.287104	0.045917	0.196454	-0.508468	0.054133
1.800000	0.131094	0.287233	0.046425	0.194602	-0.505029	0.058060
1.820000	0.131357	0.286742	0.047116	0.192770	-0.501031	0.061926
1.840000	0.131804	0.285711	0.047995	0.190627	-0.497107	0.065800
1.860000	0.132284	0.284632	0.048856	0.188744	-0.493620	0.069404
1.880000	0.132564	0.284039	0.049422	0.188051	-0.488627	0.071737
1.900000	0.132468	0.284490	0.049491	0.186337	-0.484839	0.073363
1.920000	0.131747	0.286191	0.049097	0.184170	-0.482147	0.075710
1.940000	0.131023	0.288618	0.048114	0.181494	-0.479359	0.077183
1.960000	0.130512	0.291302	0.046560	0.182620	-0.476615	0.075140
1.980000	0.129936	0.293834	0.045066	0.184358	-0.475412	0.071306
2.000000	0.129457	0.295690	0.044017	0.185246	-0.477470	0.070614
2.020000	0.129305	0.296506	0.043647	0.186076	-0.480084	0.070119
2.040000	0.129119	0.296621	0.043927	0.186925	-0.482726	0.069251
2.060000	0.128921	0.296103	0.044754	0.187770	-0.485330	0.068091
2.080000	0.128862	0.295115	0.045843	0.188547	-0.487689	0.066948
2.100000	0.128701	0.293875	0.047175	0.188932	-0.489846	0.066097
2.120000	0.128466	0.292603	0.048476	0.188656	-0.492011	0.065719
2.140000	0.128151	0.291332	0.049774	0.187833	-0.494198	0.065741
2.160000	0.127915	0.290129	0.050904	0.186531	-0.496367	0.066102
2.180000	0.127762	0.288947	0.051955	0.184910	-0.498374	0.066848
2.200000	0.127673	0.287694	0.052981	0.183130	-0.500037	0.067999
2.220000	0.127695	0.286344	0.053978	0.181233	-0.501426	0.069373
2.240000	0.127817	0.284906	0.054894	0.179145	-0.502529	0.070938
2.260000	0.127948	0.283507	0.055786	0.176939	-0.503442	0.072571
2.280000	0.128101	0.282180	0.056571	0.174612	-0.504179	0.074231
2.300000	0.128277	0.280974	0.057298	0.172281	-0.504872	0.075769
2.320000	0.128510	0.279838	0.057905	0.169964	-0.505618	0.077162
2.340000	0.128750	0.278756	0.058509	0.167695	-0.506479	0.078381
2.360000	0.128952	0.277645	0.059124	0.165394	-0.507429	0.079444
2.380000	0.129088	0.276483	0.059839	0.163078	-0.508469	0.080411
2.400000	0.129102	0.275202	0.060657	0.160819	-0.509498	0.081365
2.420000	0.128947	0.273792	0.061656	0.158506	-0.510476	0.082321
2.440000	0.128547	0.272230	0.062847	0.156041	-0.511377	0.083266
2.460000	0.127884	0.270506	0.064256	0.153407	-0.512183	0.084255
2.480000	0.126952	0.268566	0.065850	0.150571	-0.512826	0.085280
2.500000	0.125795	0.266370	0.067594	0.147519	-0.513266	0.086397
2.520000	0.124319	0.264010	0.069475	0.144200	-0.513423	0.087586
2.540000	0.122531	0.261505	0.071455	0.140587	-0.513299	0.088864
