timestep	E_g_vel	E_r_pos	E_r_ori	E_root_vel	E_joint_pos_mean
0	3.161484956741333	0.1936589926481247	0.25827375054359436	0.7326952815055847	0.7390835285186768
1	4.547969818115234	0.11493212729692459	0.4709583818912506	5.317296981811523	1.6496964693069458
2	1.2217692136764526	0.1122254729270935	0.5498318672180176	0.38044095039367676	1.9181326627731323
3	1.3374583721160889	0.117054283618927	0.5823175311088562	0.8655373454093933	2.001654624938965
4	1.3039735555648804	0.12106911838054657	0.6036083102226257	1.272420883178711	2.272908926010132
5	1.0251970291137695	0.12146438658237457	0.610236644744873	1.16005277633667	2.408625364303589
6	1.1504807472229004	0.12438863515853882	0.6047191619873047	1.1654123067855835	2.3174426555633545
7	1.0489100217819214	0.12034954130649567	0.5832738280296326	1.384988784790039	2.072622776031494
8	1.0896093845367432	0.12439392507076263	0.5421404242515564	1.4405286312103271	1.8938934803009033
9	0.9491036534309387	0.13114073872566223	0.5368033647537231	0.9186915755271912	1.9515693187713623
10	1.0121210813522339	0.13670752942562103	0.528579831123352	0.4363512694835663	1.9893956184387207
11	0.7866244912147522	0.138996884226799	0.5210792422294617	0.23915232717990875	1.9556753635406494
12	0.7021772265434265	0.1410313993692398	0.5006514191627502	0.4106166660785675	1.9078871011734009
13	0.616458535194397	0.1405678689479828	0.4944382607936859	0.4250735640525818	1.8880504369735718
14	0.6310911178588867	0.13664273917675018	0.488812118768692	0.48310387134552	1.8729825019836426
15	0.6660482287406921	0.12932610511779785	0.4686201512813568	0.3870444893836975	1.844900369644165
16	0.7898349761962891	0.11833566427230835	0.4341425597667694	0.27351418137550354	1.7926573753356934
17	0.6039440035820007	0.10323497653007507	0.39562785625457764	0.20413599908351898	1.7351887226104736
18	0.543099045753479	0.08926380425691605	0.3644929528236389	0.2815890908241272	1.7218067646026611
19	0.4072411060333252	0.07876256853342056	0.339349627494812	0.22446425259113312	1.7164461612701416
20	0.29378899931907654	0.07198385149240494	0.33160558342933655	0.23599009215831757	1.7408782243728638
21	0.21481956541538239	0.06731586158275604	0.33164772391319275	0.17781683802604675	1.781302571296692
22	0.1782485693693161	0.06504476070404053	0.32886117696762085	0.2234656810760498	1.8261263370513916
23	0.20168612897396088	0.064515121281147	0.3231711983680725	0.237174853682518	1.8672804832458496
24	0.23469862341880798	0.06446434557437897	0.31348732113838196	0.2569311261177063	1.8990519046783447
25	0.22524866461753845	0.06485557556152344	0.30350881814956665	0.25853848457336426	1.928145408630371
26	0.2075110226869583	0.06592774391174316	0.2977292537689209	0.24471473693847656	1.9508696794509888
27	0.20601658523082733	0.0671897903084755	0.2955053150653839	0.24399298429489136	1.9653233289718628
28	0.1366824507713318	0.06775064766407013	0.2926928997039795	0.20950783789157867	1.9747064113616943
29	0.1280142366886139	0.06659284234046936	0.2901800274848938	0.22271500527858734	1.9756189584732056
30	0.14213213324546814	0.06492244452238083	0.28693222999572754	0.2395307421684265	1.973682165145874
31	0.13258585333824158	0.062993124127388	0.2824559509754181	0.2017054259777069	1.9568488597869873
32	0.13203656673431396	0.06101907044649124	0.27987655997276306	0.18100392818450928	1.9483925104141235
33	0.09105689078569412	0.059801895171403885	0.2784528136253357	0.10390068590641022	1.9344673156738281
34	0.07145903259515762	0.05895168334245682	0.2760920524597168	0.07334663718938828	1.9227336645126343
35	0.08062875270843506	0.05831266567111015	0.2747248709201813	0.07769061625003815	1.9177560806274414
36	0.0588516928255558	0.05770079791545868	0.2764776349067688	0.018319429829716682	1.9203362464904785
37	0.056296348571777344	0.05695979297161102	0.27535280585289	0.02118738368153572	1.9210693836212158
38	0.04862193763256073	0.05635400861501694	0.2738146483898163	0.030789606273174286	1.9158929586410522
39	0.049293264746665955	0.05616290122270584	0.2750973403453827	0.06664642691612244	1.9224441051483154
40	0.04057873412966728	0.05612489953637123	0.2744302451610565	0.0448404923081398	1.9190582036972046
41	0.04694549739360809	0.0560605451464653	0.2732643485069275	0.030913325026631355	1.9154413938522339
42	0.04193851351737976	0.05613471195101738	0.27303019165992737	0.010019179433584213	1.9160789251327515
43	0.04008198529481888	0.05598234385251999	0.2718120217323303	0.026083260774612427	1.9215189218521118
44	0.03632437810301781	0.05587843433022499	0.2703862190246582	0.03307785093784332	1.9186875820159912
45	0.04332585260272026	0.056072626262903214	0.2706194519996643	0.0325477160513401	1.9199720621109009
46	0.03954710438847542	0.05621379613876343	0.27116626501083374	0.025614410638809204	1.9249143600463867
47	0.03984852507710457	0.05615270137786865	0.27040356397628784	0.02689308673143387	1.9204812049865723
48	0.04039791226387024	0.05588163062930107	0.2684812545776367	0.035399895161390305	1.918246865272522
49	0.0468742735683918	0.05554557591676712	0.265340656042099	0.012807556428015232	1.9052304029464722
50	0.0496322363615036	0.055245064198970795	0.26462459564208984	0.037469282746315	1.8999509811401367
51	0.0398300364613533	0.05503859370946884	0.2640805244445801	0.023360203951597214	1.8972476720809937
52	0.054421909153461456	0.055258505046367645	0.2628210783004761	0.053657446056604385	1.892175555229187
53	0.059477612376213074	0.0551375076174736	0.2605963349342346	0.047441571950912476	1.8900601863861084
54	0.07856705784797668	0.05499809607863426	0.25180187821388245	0.10620766878128052	1.873660683631897
55	0.09152059257030487	0.05501076951622963	0.24457013607025146	0.12373469024896622	1.8617842197418213
56	0.09012782573699951	0.05519573390483856	0.23803827166557312	0.11859685182571411	1.8550055027008057
57	0.09867660701274872	0.055378854274749756	0.23247043788433075	0.13048140704631805	1.8423277139663696
58	0.07448650896549225	0.05534543842077255	0.22868213057518005	0.06619893014431	1.8229143619537354
59	0.06973059475421906	0.05537936091423035	0.2250874787569046	0.012432820163667202	1.79112708568573
60	0.07687821984291077	0.055405229330062866	0.22099903225898743	0.019744379445910454	1.7507961988449097
61	0.0874243974685669	0.05558066815137863	0.2194337695837021	0.0374554768204689	1.7225522994995117
62	0.10861347615718842	0.05575381964445114	0.22120484709739685	0.043929580599069595	1.6961194276809692
63	0.11209692060947418	0.055688414722681046	0.22477345168590546	0.040097832679748535	1.6664506196975708
64	0.12478777766227722	0.05612873286008835	0.2302856147289276	0.06435786932706833	1.6357533931732178
65	0.13971982896327972	0.05710868537425995	0.23790611326694489	0.08933849632740021	1.6042455434799194
66	0.16081419587135315	0.05819106847047806	0.24631452560424805	0.1086941808462143	1.5853906869888306
67	0.20018291473388672	0.05991461127996445	0.2528996467590332	0.1571076661348343	1.5643651485443115
68	0.24473780393600464	0.06192528456449509	0.25990140438079834	0.2476014941930771	1.5435919761657715
69	0.3323926031589508	0.06474658846855164	0.2670733332633972	0.3947147727012634	1.5169074535369873
70	0.4172073006629944	0.06886598467826843	0.2764554023742676	0.5242628455162048	1.4912246465682983
71	0.510915219783783	0.07293877005577087	0.2872624099254608	0.6341986656188965	1.4682385921478271
72	0.4708442687988281	0.0776323452591896	0.3011447787284851	0.22455179691314697	1.456592082977295
73	0.46243205666542053	0.07919571548700333	0.3221893310546875	0.3136632740497589	1.4494190216064453
74	0.4698737859725952	0.08493972569704056	0.35111069679260254	0.41276463866233826	1.4675236940383911
75	0.4121767580509186	0.09459831565618515	0.38205868005752563	0.2568334937095642	1.4964040517807007
76	0.43572375178337097	0.10158652812242508	0.40206313133239746	0.2208516001701355	1.5230543613433838
77	0.5811605453491211	0.09992603957653046	0.41753020882606506	0.4070703685283661	1.5725266933441162
78	0.607857882976532	0.09339183568954468	0.4390780031681061	0.3276227116584778	1.6530009508132935
79	0.5617424249649048	0.09043021500110626	0.4601984918117523	0.20574013888835907	1.7338241338729858
80	0.5553300976753235	0.08821696788072586	0.4834812879562378	0.25878775119781494	1.820906400680542
81	0.5398175716400146	0.08904147148132324	0.5099552273750305	0.31622985005378723	1.9085943698883057
82	0.5158591866493225	0.09188777208328247	0.5344680547714233	0.44382914900779724	1.9883402585983276
83	0.5389043092727661	0.09383325278759003	0.5510306358337402	0.5964556932449341	2.058351516723633
84	0.47213730216026306	0.0950324535369873	0.562802791595459	0.5097829103469849	2.1145434379577637
85	0.3829016387462616	0.09662450850009918	0.5761939883232117	0.40255939960479736	2.157729387283325
86	0.3754872977733612	0.09862832725048065	0.5904783010482788	0.32571548223495483	2.19431209564209
87	0.4245656728744507	0.10194775462150574	0.6028270721435547	0.34887996315956116	2.2169721126556396
88	0.5887140035629272	0.10454971343278885	0.6112977266311646	0.6098068356513977	2.228196620941162
89	0.708733081817627	0.10681917518377304	0.617950439453125	0.6095525026321411	2.2204647064208984
90	0.3710660934448242	0.10800560563802719	0.6289793252944946	0.23139482736587524	2.244007110595703
91	0.49414747953414917	0.11021465063095093	0.6455972194671631	0.538645327091217	2.2757694721221924
92	0.541805624961853	0.11128468066453934	0.6667597889900208	0.5394732356071472	2.3160600662231445
93	0.49614661931991577	0.11154197156429291	0.6777766346931458	0.4428340196609497	2.347905158996582
94	0.5141030550003052	0.11220559477806091	0.6938174366950989	0.5154304504394531	2.378648042678833
95	0.41511857509613037	0.11387772113084793	0.7053062319755554	0.467128187417984	2.4018373489379883
96	0.3693274259567261	0.1171773374080658	0.7204755544662476	0.3502964377403259	2.443574905395508
97	0.3151000142097473	0.11918482184410095	0.7292830944061279	0.3544731140136719	2.478684186935425
98	0.3395426571369171	0.11985339224338531	0.737400233745575	0.31199851632118225	2.5279042720794678
99	0.3531758189201355	0.11904298514127731	0.7421920299530029	0.35727638006210327	2.583960771560669
100	0.368020236492157	0.1180068701505661	0.7485467195510864	0.3600073456764221	2.6461501121520996
101	0.40798309445381165	0.11842841655015945	0.7586541771888733	0.3971313536167145	2.7166571617126465
102	0.48125529289245605	0.1186387687921524	0.7711906433105469	0.4298945963382721	2.7944624423980713
103	0.5363101363182068	0.1183728352189064	0.7811713218688965	0.5583376288414001	2.8622307777404785
104	0.4023083746433258	0.11580558866262436	0.7931056022644043	0.43411126732826233	2.942613363265991
105	0.2684473991394043	0.11651536822319031	0.7987686991691589	0.24812519550323486	3.000314712524414
106	0.22894775867462158	0.11592649668455124	0.7992589473724365	0.1016785129904747	3.0511927604675293
107	0.22544220089912415	0.11656298488378525	0.7964049577713013	0.08166303485631943	3.0875110626220703
108	0.24852284789085388	0.11774762719869614	0.7911702990531921	0.1932985931634903	3.1096887588500977
109	0.26355019211769104	0.11925379186868668	0.7859101891517639	0.2275409996509552	3.137972831726074
110	0.23789207637310028	0.1211976632475853	0.7855486869812012	0.1800621896982193	3.166968584060669
111	0.23560136556625366	0.12290577590465546	0.7849227786064148	0.19797267019748688	3.1989142894744873
112	0.22405946254730225	0.12466859072446823	0.7854335904121399	0.18646401166915894	3.2207977771759033
113	0.2414608895778656	0.1258910894393921	0.7849683165550232	0.19195251166820526	3.232109308242798
114	0.2611709237098694	0.12613876163959503	0.7837077975273132	0.17457495629787445	3.246919870376587
115	0.2527080178260803	0.12699179351329803	0.782952070236206	0.09866136312484741	3.262324333190918
116	0.27055680751800537	0.1266021430492401	0.7824565768241882	0.1283765435218811	3.258221387863159
117	0.3053048551082611	0.12735596299171448	0.7819793224334717	0.1915806531906128	3.249154567718506
118	0.33534932136535645	0.12835431098937988	0.7781350016593933	0.268645703792572	3.2295753955841064
119	0.35927915573120117	0.12930071353912354	0.7747861742973328	0.349590927362442	3.2081141471862793
120	0.36832863092422485	0.12943385541439056	0.7726759910583496	0.3408327102661133	3.197190523147583
121	0.3826398551464081	0.12946122884750366	0.7697799205780029	0.3058455288410187	3.1794703006744385
122	0.39731693267822266	0.12820835411548615	0.767600953578949	0.29430922865867615	3.169292688369751
123	0.43190884590148926	0.12821288406848907	0.765755832195282	0.3518105447292328	3.1543467044830322
124	0.4712084233760834	0.12869009375572205	0.7627988457679749	0.35840362310409546	3.127368688583374
125	0.5454179644584656	0.1273120641708374	0.7571867108345032	0.4408041834831238	3.10239839553833
126	0.6035659909248352	0.12224895507097244	0.7527164220809937	0.5947964191436768	3.069333076477051
127	0.6478341817855835	0.1235630139708519	0.7576910853385925	0.6977153420448303	3.043314218521118
128	0.526100218296051	0.12717413902282715	0.7698603868484497	0.6413173675537109	3.025221109390259
129	0.4158790111541748	0.1296156495809555	0.7744866609573364	0.5030397176742554	2.9865458011627197
130	0.48177608847618103	0.12808462977409363	0.7749049663543701	0.6694866418838501	2.965909242630005
131	0.5884017944335938	0.13049085438251495	0.7788047790527344	0.8693910837173462	2.9391438961029053
132	0.6133891940116882	0.13494688272476196	0.7859091758728027	0.8885630965232849	2.9161226749420166
133	0.45665082335472107	0.1393590271472931	0.7974448204040527	0.5899375677108765	2.893658399581909
134	0.3960863947868347	0.14248886704444885	0.8064417839050293	0.4057430922985077	2.8593602180480957
135	0.41677653789520264	0.1438058316707611	0.8135852813720703	0.4626115560531616	2.8309130668640137
136	0.6429179310798645	0.14478278160095215	0.8172586560249329	0.8528643846511841	2.7955379486083984
137	0.8149657249450684	0.1457616090774536	0.8153026103973389	1.1273446083068848	2.7520108222961426
138	0.8168566823005676	0.1490412801504135	0.8155208230018616	1.1290203332901	2.720376491546631
139	0.9001399278640747	0.15387661755084991	0.822991669178009	1.2714303731918335	2.712280035018921
140	0.8037227392196655	0.16138356924057007	0.8370507955551147	1.2592569589614868	2.7029595375061035
141	0.7444974780082703	0.1667191982269287	0.8428894877433777	1.1136035919189453	2.6933236122131348
142	0.7294425368309021	0.17137616872787476	0.8433846831321716	1.1472984552383423	2.6796040534973145
143	0.7001563310623169	0.17726001143455505	0.8452726006507874	1.0655070543289185	2.6682753562927246
144	0.7543950080871582	0.18245017528533936	0.8447076678276062	1.0868791341781616	2.6439545154571533
145	0.860033392906189	0.18865203857421875	0.8407513499259949	1.0994306802749634	2.6131792068481445
146	0.9527608752250671	0.19427822530269623	0.8295611143112183	1.0869942903518677	2.5737481117248535
147	0.8111608028411865	0.1995508074760437	0.8205201029777527	0.7735471725463867	2.5446181297302246
148	0.9022589921951294	0.2000070959329605	0.8046169281005859	0.9711197018623352	2.5109477043151855
149	0.7560204863548279	0.20733311772346497	0.7936951518058777	0.6888239979743958	2.5018391609191895
150	0.5371395349502563	0.20063841342926025	0.7854456901550293	0.09408171474933624	2.493297576904297
151	0.513370156288147	0.19673006236553192	0.7775397300720215	0.1720021516084671	2.503173351287842
152	0.46740707755088806	0.1935829520225525	0.7739484906196594	0.1577102541923523	2.5372862815856934
153	0.4033896028995514	0.18970505893230438	0.7723808288574219	0.12314123660326004	2.5580809116363525
154	0.5021408200263977	0.18938153982162476	0.7764995694160461	0.525908350944519	2.6332225799560547
155	0.47675949335098267	0.18964384496212006	0.7834259867668152	0.3643791079521179	2.6818528175354004
156	0.4547863006591797	0.18730871379375458	0.787406325340271	0.24714873731136322	2.6766357421875
157	0.5271614789962769	0.18476279079914093	0.7935134172439575	0.3697699308395386	2.6691958904266357
158	0.5624381303787231	0.1835334599018097	0.8003902435302734	0.3344762325286865	2.6551413536071777
159	0.5870431661605835	0.18339109420776367	0.8064629435539246	0.3133777678012848	2.630265235900879
160	0.6179664134979248	0.18468503654003143	0.8157841563224792	0.3492204546928406	2.6131742000579834
161	0.5300704836845398	0.1867605447769165	0.8233852386474609	0.24071721732616425	2.600235939025879
162	0.4619899392127991	0.18947423994541168	0.8309040069580078	0.1568550020456314	2.5925185680389404
163	0.4877920150756836	0.19225285947322845	0.8372350335121155	0.28884273767471313	2.5943286418914795
164	0.5460999608039856	0.19455036520957947	0.8390750288963318	0.3278624713420868	2.6019692420959473
165	0.610467255115509	0.19575202465057373	0.8464104533195496	0.34039106965065	2.633460283279419
166	0.6789031028747559	0.1960584670305252	0.855679988861084	0.37212368845939636	2.678140878677368
167	1.2103595733642578	0.1968836784362793	0.8674423098564148	1.1735773086547852	2.740699052810669
168	1.398019790649414	0.19242776930332184	0.865493655204773	1.3988946676254272	2.808349132537842
169	0.6987178325653076	0.19215402007102966	0.8810674548149109	0.5284342765808105	2.886847496032715
170	0.943145751953125	0.19520629942417145	0.9047580361366272	1.0672398805618286	2.9538488388061523
171	1.0979706048965454	0.19147051870822906	0.9027968645095825	1.3600964546203613	2.98679780960083
172	0.660313606262207	0.19152598083019257	0.909997820854187	0.7973527908325195	2.9972786903381348
173	0.5880993604660034	0.1934552639722824	0.9229409098625183	0.778827965259552	3.025791645050049
174	0.6160991191864014	0.19339115917682648	0.9282659292221069	0.879093587398529	3.048941135406494
175	0.9971452355384827	0.190304234623909	0.9235232472419739	1.340051293373108	3.057904005050659
176	1.3862452507019043	0.1759888380765915	0.8666293621063232	1.5322712659835815	2.8944621086120605
177	1.148058533668518	0.1614205539226532	0.809734046459198	0.8519269227981567	2.733752727508545
178	1.0495549440383911	0.15358003973960876	0.7808919548988342	0.4849438965320587	2.697826623916626
179	1.0793486833572388	0.1458447277545929	0.7410650253295898	0.4760582149028778	2.6691644191741943
180	1.065018653869629	0.14074985682964325	0.7046217918395996	0.3891966938972473	2.6471219062805176
181	1.1779375076293945	0.13966868817806244	0.676935076713562	0.521389365196228	2.6352756023406982
182	1.223524808883667	0.14308664202690125	0.6714545488357544	0.4446127116680145	2.6475846767425537
183	1.3136367797851562	0.14583778381347656	0.6729299426078796	0.5784315466880798	2.7509944438934326
184	0.9188424944877625	0.14546045660972595	0.6647951006889343	0.7455682158470154	2.8306546211242676
185	0.7863385081291199	0.13975226879119873	0.6496424078941345	0.5204745531082153	2.7793099880218506
186	0.7595088481903076	0.12741070985794067	0.6374179720878601	0.5839367508888245	2.735038995742798
187	0.8378533720970154	0.11761772632598877	0.608748733997345	0.4936158359050751	2.6676623821258545
188	0.5684318542480469	0.11172160506248474	0.5753962397575378	0.3154919147491455	2.5942766666412354
189	0.43490466475486755	0.11000162363052368	0.5621297359466553	0.16607865691184998	2.550475597381592
190	0.4308781623840332	0.10768741369247437	0.5523667335510254	0.1691770851612091	2.484163999557495
191	0.44400277733802795	0.10499031096696854	0.5449762940406799	0.17309918999671936	2.427518367767334
192	0.4664543569087982	0.10258316993713379	0.5391729474067688	0.1361188441514969	2.3842391967773438
193	0.5230478644371033	0.10009519010782242	0.5326288342475891	0.19489523768424988	2.3445565700531006
194	0.507996678352356	0.0982302576303482	0.5310215950012207	0.23897814750671387	2.3188822269439697
195	0.42465829849243164	0.0972868800163269	0.5298070907592773	0.21040640771389008	2.2855377197265625
196	0.38629549741744995	0.09604372829198837	0.5330625176429749	0.18570257723331451	2.2336649894714355
197	0.374164342880249	0.0946783795952797	0.5376430153846741	0.15233387053012848	2.173210382461548
198	0.3260314464569092	0.0929473340511322	0.5423288345336914	0.1015576422214508	2.101637363433838
199	0.3687618672847748	0.09166097640991211	0.5492832064628601	0.24218910932540894	2.04715895652771
200	0.35548731684684753	0.09148377180099487	0.554509162902832	0.26877686381340027	2.0133016109466553
201	0.3811988830566406	0.09178687632083893	0.5589315891265869	0.37346452474594116	1.990046501159668
202	0.40095868706703186	0.0935090035200119	0.5626273155212402	0.4655122458934784	1.9815000295639038
203	0.4866483211517334	0.09563905000686646	0.5665853023529053	0.4224471151828766	1.9830877780914307
204	0.7248280644416809	0.09813795238733292	0.5698783993721008	0.7500266432762146	1.9919981956481934
205	0.7976680397987366	0.10205208510160446	0.5705195665359497	0.827854335308075	2.002777576446533
206	0.8109162449836731	0.1075483039021492	0.576631486415863	0.8097797632217407	2.027362108230591
207	0.7993757128715515	0.1139276921749115	0.5854109525680542	0.7478237152099609	2.0604755878448486
208	0.7677199840545654	0.12130618095397949	0.5930619239807129	0.6829150319099426	2.094599962234497
209	0.7664257884025574	0.12981350719928741	0.6024375557899475	0.680098831653595	2.1344423294067383
210	0.8167816996574402	0.13904327154159546	0.603318989276886	0.7960942983627319	2.1376841068267822
211	0.8573991656303406	0.1479697823524475	0.5996587872505188	0.879368782043457	2.1031556129455566
212	0.8548825979232788	0.1567165106534958	0.5925981402397156	0.9212167859077454	2.065068006515503
213	0.8114102482795715	0.1657203882932663	0.5840639472007751	0.9360523223876953	2.046825408935547
214	0.7887731194496155	0.17441414296627045	0.5819679498672485	0.9690213799476624	2.068922758102417
215	0.8092988133430481	0.1828978806734085	0.575680673122406	0.8983712196350098	2.0903232097625732
216	0.7762745022773743	0.18023337423801422	0.5514695048332214	0.6117331981658936	2.0785610675811768
217	0.8675501942634583	0.17455890774726868	0.5333648324012756	0.6556889414787292	2.0786776542663574
218	0.8783748149871826	0.16743625700473785	0.5145928859710693	0.6590516567230225	2.072266101837158
219	0.8369033336639404	0.16066409647464752	0.49666860699653625	0.6688974499702454	2.062246561050415
220	0.759652853012085	0.1545618325471878	0.4812512993812561	0.6181547045707703	2.0628502368927
221	0.6455324292182922	0.14986974000930786	0.4701906144618988	0.5193707346916199	2.0666680335998535
222	0.5009059309959412	0.145766481757164	0.46228083968162537	0.4174838662147522	2.0770485401153564
223	0.7907687425613403	0.14353163540363312	0.4613948464393616	1.020999789237976	2.0977182388305664
224	0.9167459011077881	0.1412004679441452	0.45838356018066406	1.2363742589950562	2.0904757976531982
225	0.4424569606781006	0.13986213505268097	0.463647723197937	0.4842734634876251	2.125685214996338
226	0.30409136414527893	0.13880197703838348	0.4740355908870697	0.24863594770431519	2.17014217376709
227	0.2814159095287323	0.13720670342445374	0.48252227902412415	0.1353137046098709	2.2201802730560303
228	0.2571887671947479	0.13512596487998962	0.48694759607315063	0.0923902615904808	2.264526844024658
229	0.2541666626930237	0.13302834331989288	0.4899505376815796	0.11531317234039307	2.2966115474700928
230	0.335620641708374	0.13135381042957306	0.4924241900444031	0.17300908267498016	2.321434259414673
231	0.4224867522716522	0.1301911324262619	0.49411821365356445	0.30665862560272217	2.3417224884033203
232	0.46595248579978943	0.12945666909217834	0.49695295095443726	0.4010002017021179	2.3605971336364746
233	0.42692965269088745	0.12911079823970795	0.49391886591911316	0.3884771168231964	2.368942975997925
234	0.4631184935569763	0.12917882204055786	0.48414620757102966	0.41071203351020813	2.363274335861206
235	0.45027145743370056	0.12916405498981476	0.4633236527442932	0.291787326335907	2.3278698921203613
236	0.39467304944992065	0.1293584108352661	0.4522199332714081	0.1391194760799408	2.323256492614746
237	0.4214648902416229	0.12976618111133575	0.4437686502933502	0.1639295071363449	2.328895092010498
238	0.3442823886871338	0.13046863675117493	0.43577370047569275	0.16235676407814026	2.3477389812469482
239	0.3453683853149414	0.1312403529882431	0.4411606192588806	0.13664087653160095	2.382798910140991
240	0.3382111191749573	0.13166825473308563	0.4517252743244171	0.1635102480649948	2.419154644012451
241	0.32720160484313965	0.1313360631465912	0.455726683139801	0.1768609881401062	2.453557014465332
242	0.33510977029800415	0.12989424169063568	0.45451465249061584	0.20684905350208282	2.4917049407958984
243	0.39556244015693665	0.12756851315498352	0.45692458748817444	0.19875118136405945	2.5235233306884766
244	0.3807504177093506	0.12485400587320328	0.4629383981227875	0.20371770858764648	2.554563045501709
245	0.3265252113342285	0.12269670516252518	0.4704257547855377	0.25352129340171814	2.577648401260376
246	0.23656579852104187	0.1210954338312149	0.4742307662963867	0.20447155833244324	2.6027300357818604
247	0.26207613945007324	0.12010227143764496	0.4774366319179535	0.20610645413398743	2.6278045177459717
248	0.313542902469635	0.11906716227531433	0.4849725365638733	0.27614593505859375	2.6402103900909424
249	0.3263927400112152	0.1180647537112236	0.48379331827163696	0.19163449108600616	2.6490721702575684
250	0.35021916031837463	0.11716042459011078	0.47616153955459595	0.1268996149301529	2.6546878814697266
251	0.3441770076751709	0.11650291830301285	0.46736180782318115	0.1216510683298111	2.668039083480835
252	0.31769782304763794	0.1159452348947525	0.4594670236110687	0.09633780270814896	2.6788525581359863
253	0.2977524399757385	0.11583158373832703	0.4530264437198639	0.07607659697532654	2.684060573577881
254	0.2871328294277191	0.11642956733703613	0.4459785223007202	0.11122171580791473	2.693373441696167
255	0.1405172049999237	0.11791455745697021	0.44142255187034607	0.15669496357440948	2.701965570449829
256	0.096042700111866	0.11918248236179352	0.439022034406662	0.06746948510408401	2.709941864013672
257	0.0744594931602478	0.119508758187294	0.44250816106796265	0.02875927835702896	2.7177298069000244
258	0.09174778312444687	0.11934816092252731	0.44430842995643616	0.037099722772836685	2.7215847969055176
259	0.11965583264827728	0.11905037611722946	0.44532305002212524	0.08673453330993652	2.726184368133545
260	0.12073515355587006	0.11889912188053131	0.44621723890304565	0.07702229917049408	2.7391889095306396
261	0.11238560080528259	0.11906465142965317	0.4478853940963745	0.06283632665872574	2.7474968433380127
262	0.11252184957265854	0.11934018135070801	0.45051759481430054	0.0640263631939888	2.7541441917419434
263	0.11206416040658951	0.1196412667632103	0.452436238527298	0.0696529969573021	2.759693145751953
264	0.11176113784313202	0.11976148188114166	0.453824520111084	0.05423269420862198	2.760866165161133
265	0.10643351078033447	0.11989080905914307	0.45428043603897095	0.04813181236386299	2.7636265754699707
266	0.09549812227487564	0.12019280344247818	0.4541594386100769	0.0546540692448616	2.7604126930236816
267	0.08132991939783096	0.12029866874217987	0.4535627067089081	0.060532283037900925	2.759459972381592
268	0.08394219726324081	0.12028741091489792	0.45297783613204956	0.07506875693798065	2.7511003017425537
269	0.0983169749379158	0.12023238092660904	0.45172739028930664	0.08856941014528275	2.7490158081054688
270	0.1076120063662529	0.12041252851486206	0.4517870843410492	0.10334828495979309	2.7458901405334473
271	0.11621072143316269	0.12074004858732224	0.45367056131362915	0.11628983169794083	2.7447030544281006
